125.25214697319862 56.53882864284284 87.6992991709306 47.8136959566284 131.6163637962047 
123.14215548951005 123.12839040031429 99.67583122260677 96.72393705800032 44.2647677844753 
64.1572709660761 149.76745748764665 31.55720533330092 145.62110137280578 45.221687830061526 
63.64064208618611 87.15881024385887 83.92624609861744 74.35290107343553 116.88240318144294 
35.583057766302346 115.023443562442 49.64434737845841 131.01049838036283 78.56015564874821 
73.86446311555332 26.24504933879756 115.09383379253435 102.18317448562246 74.85134939146525 
114.16474656258622 43.54034101929033 97.19523786556982 112.51169969920535 126.77116690082347 
81.81527927236611 71.03411647317783 107.94693934857573 28.439193429281598 99.812331341373 
81.42837134708489 77.84402873989443 150.80738896887544 41.8937239325686 126.70650448397163 
92.62571269934296 33.584640902876416 16.929403559899388 78.90683941611533 73.9347328542021 
112.28436671650154 48.467311894364656 70.2919311053011 66.10504998210118 70.10810208339521 
134.81547503354065 117.5365010608732 70.96398998337715 122.74688152078217 85.80659646916368 
120.6663809855666 92.82705556516352 78.33137940825506 116.26592330577917 138.8365782978865 
159.01725928699645 85.48867617951446 61.61735701222229 151.7502596431886 122.9108115750637 
26.064420193052555 24.716784206033008 64.56167498247865 155.9565580469448 32.64212457203646 
66.0266813724666 124.50073764227017 110.38762686859653 112.0561014781087 136.68259404184514 
127.97356535202411 145.34789413878173 35.772750860704186 71.88793379139953 131.83107140916695 
73.24184281561067 59.22722975415927 159.74809996343737 87.86527372722676 139.49413407637846 
127.08290801757755 99.66964515633339 115.7817928420484 149.18143921627987 45.584844581895425 
28.92188622753684 143.31390671298726 54.55278102131695 96.84387182667072 143.3964129607153 
41.11148639550485 119.31314028921804 56.74584404453372 121.81718187492946 125.64823697536426 
121.2312598527002 60.78488120630606 18.87015739830181 141.86133955554567 97.30958642597032 
69.10047397057838 108.17250489993533 108.43110716026102 66.25763077653278 116.75220792582712 
145.9422774707162 103.4811931648467 100.7709383296312 151.63891941950808 24.880479869703247 
128.34643885728556 70.68579303371757 127.09538420568445 61.91530194858628 137.1825320015941 
116.24410614301543 128.55666931939604 134.73991725202808 78.97109350558256 117.50769857694956 
103.26456026135524 129.00067863844572 93.48007961072574 51.59158774650305 62.93296844488166 
90.74204256655943 114.82742605510988 97.7451143207672 71.86112835422108 77.7403859138917 
95.04147925804864 41.82150362659638 106.39067877691278 153.79523814300498 90.06691804237316 
96.60770349249071 172.2478565202238 146.22214230884398 87.57999375706096 99.98816963314904 
87.40362145822992 49.39562415791922 89.34764145212708 40.71578325783292 118.77369212669225 
104.7724238037631 72.93367056293872 105.58648114223713 123.31320803176966 25.818585042774917 
137.42771294775875 17.706868811989356 110.34493644929971 128.51675644207072 80.44160512023316 
57.997506358477644 133.67788197980295 35.03571082563976 112.48625735296942 47.74150567954911 
73.35399353373295 142.5144983200129 63.31244413648154 27.914346589571185 111.96470590962828 
100.04381988129607 83.14674970034176 123.33817583596621 85.8235410216591 9.963997691689851 
135.48834843625283 63.41317803142771 123.91176878740934 73.61362294092926 112.07955881171792 
82.1280607677602 30.11359348195913 129.173657041478 108.16989157703263 100.44156413221552 
84.12699462413832 124.5460585611805 120.85499159771115 49.66713963925375 99.91447214853285 
165.29397313399193 60.70138258557405 15.867155612110569 118.5912277107411 84.48982926956364 
106.39301156996846 80.83677597346517 132.2202896684166 50.652242523741975 139.18334110591772 
111.23695482322039 128.64157024372506 83.11388460725875 66.06794225512971 79.57699855656531 
80.30563517787725 110.44505196762881 109.38935922110319 96.54213099285008 77.47332976714043 
137.63648372758072 160.21792410066053 65.73160932341398 125.20683195908587 139.1824871247177 
73.94994956943725 140.6494882232261 133.6832445616997 97.18619353085981 57.68135773898046 
22.668601858166742 145.4713951797315 48.14245819431879 59.579318694068476 38.15066603332045 
16.278009695066924 52.39824930865769 66.81998296892131 72.64608998132492 121.08233309979155 
82.0235798510716 30.62406606285683 168.58118107754396 84.92810002639969 149.73969042141692 
135.22151418007905 121.48808153503413 58.636270334027586 72.61648030444289 80.2561572938468 
35.770911425814106 119.86400664456743 117.28108147099397 38.604005030431445 22.446094028940927 
83.46014043435532 145.43364628564728 161.94041708348044 133.26390810864572 95.13856222346377 
98.96481192828088 121.05136791242546 97.48686701482082 129.31254921551647 118.21431486332493 
99.22553291367025 127.16654073156448 127.68276980134006 46.619933771425174 148.74233173511837 
94.30740135542503 121.89577335183748 71.86639543349972 118.88126242689809 99.13342558544453 
93.21826953951273 55.909125572357425 13.361114764685809 117.81858703423354 103.1671688194565 
119.48626620097768 130.6944769518006 34.89807006293694 55.70676584182087 135.8786082261273 
147.11585181032535 107.95039025198356 113.77991284760992 3.440001376083378 16.526918364058265 
149.1825948257822 106.64281349504475 118.42056743594182 135.86604370791326 137.38420966431605 
112.68058395304858 55.65351221820795 13.234456031370486 49.30090410318068 53.574009295484295 
101.30944462551034 130.8214014478865 137.71062584487905 71.57687140906664 71.97784858263208 
65.78138969713753 122.4147958026519 61.57008241068417 125.13962639841826 102.57525144799705 
161.30489836640413 58.42612917834776 32.75818623538396 155.68490391377267 75.44817539235565 
86.83682398614094 150.04419002548994 32.321677189256825 68.87616019920807 62.5433856883682 
87.08992323517845 47.58005435332779 22.596783255580227 97.7012999151088 52.50574555538211 
100.44599832687035 36.04428480709038 64.56121766545517 80.29868797147822 63.74355367215926 
121.01284368461192 32.67145742849095 75.02833563289312 123.69257519123555 38.65871406900888 
127.41205815724743 120.48150294362341 89.96641361370591 42.17455415000236 60.31720088185635 
124.64673428271976 119.56863237404804 104.81488557810457 60.87217626097516 75.21566707973008 
103.23438053774849 44.837286173506975 110.91860014437687 89.95467234626045 54.17843652625148 
110.05499335559473 26.858050018873055 119.40123249358717 78.61042059602075 69.65540500131881 
156.94511674123956 38.33753905130329 117.48307909019037 99.78369268294185 141.7500219448523 
168.02457975824467 129.74892370700033 25.202100752773276 105.01355561976429 76.83486312479664 
30.653312676048426 123.94803264238752 134.72280309386906 49.18971768285411 21.11693029059765 
163.24748060051414 94.657902970969 56.93669458339353 83.49346138038872 59.60758946830698 
152.71448506408697 105.1786784454168 112.54105367760211 152.7368941318651 132.6122258368597 
86.73042082913673 93.55195300702187 129.30916768479247 104.42438646975795 124.82846118663086 
44.15586620760983 47.50369907869022 54.32299670116495 104.02900369352504 33.52987386505132 
80.04719857683956 88.55254154904827 158.60942001513976 33.9309835477103 100.91038329161154 
73.7622227851363 30.830613934133037 49.45158172304741 119.66201247062914 125.19776138181274 
114.03229059805233 135.3551724388417 57.74986969094008 59.49384617889656 111.93769684391359 
71.50652747179375 122.54218999626879 163.804515773391 111.33145565271062 107.84875722812852 
143.6387428182417 110.57438886079711 61.332613372756995 105.31533382066753 85.08078620131765 
158.583037113806 124.62747191352138 95.53177998788843 132.34908118283565 8.459801662574337 
74.77228150613469 66.34508078627063 85.86693156111286 49.455567507000076 64.46137070915387 
52.489252774303566 57.15011524690124 89.2359089678621 175.99292616230795 74.6874183459549 
94.79872085712185 16.396242766545768 51.07755577933546 95.1855766652809 69.56227374558975 
62.50832818709548 101.44152002869075 87.03757929423803 113.28987394658743 115.40957355008952 
33.68487152015962 142.04232541506494 137.40215878068037 51.6686527082329 90.93971217240565 
129.83850329842647 52.60839117731721 148.4960217413579 53.978064797563306 55.724812751973964 
99.95669268455522 8.308635400727447 60.09620768521996 100.08376228569692 134.205661306173 
103.96412928203506 152.88892374358656 80.00426652271706 57.293224482660456 87.3237160735208 
131.148595112567 163.02490176767333 134.18499461961116 59.545239844818234 171.0589333867316 
88.00838915978407 71.06699530911396 122.26650712861678 129.07679537012527 72.14962516456049 
93.26754369587381 111.41350003545722 124.58289777636413 109.52982031602872 58.574721984449454 
140.96169795607332 102.7272739941327 142.94053302849025 103.26960610527608 21.82816674403587 
79.46458226600532 78.92502618088298 153.38147899656454 70.90000945724431 51.43380648663035 
150.23675036747238 124.36989997992715 60.591250879269104 54.48022712809655 115.09244956935193 
102.15508798066467 111.1994757817611 111.4853406348592 88.41165931974095 73.80149042935486 
81.82195084758602 99.12664019913299 185.8101318605657 29.56084231857964 111.48413065943006 
111.4002217785263 116.53335234738246 123.43517206184819 107.4025433924192 60.27695570355965 
135.42654950941343 88.25004477103849 51.82275133042397 128.99080324658541 134.11032046623234 
121.34754452604305 45.073791655627026 134.30439925089823 133.5842885997808 82.44232841728359 
36.85274908041733 106.87057063262928 82.54758682467379 90.34506892625592 160.88981089553187 
82.52036144058847 98.26146075720061 45.40265252866803 80.81742165821602 105.35437685365632 
156.57570445152018 36.737175842583355 52.657063147855176 86.58758707842739 75.70522604153552 
88.92609058525431 151.68399125525744 123.22417346372703 85.82043623220818 88.96084110438697 
61.164916638640854 75.86421478514973 113.40234043584172 98.42577475486117 111.95788316166409 
101.27906786092012 83.6423167908748 145.5570707569159 53.087038055135984 92.98618923737482 
126.07599064776174 52.93999265456711 113.76045006943332 114.97438150460678 70.28713431347157 
171.07293770037745 84.40043645307402 78.5011598561794 114.22612406609485 122.62570987448846 
107.51071977644975 117.76058574733541 153.3164064064012 42.01879639100538 93.19582422401916 
73.56164240409522 99.41708934112495 27.206999923030008 105.87294160130622 144.22004486219876 
142.18219277121335 115.10728137042332 97.40126240023675 76.0021441615943 76.29027251539587 
23.387530064117502 29.375304198118908 73.221340259664 86.07378021917846 120.43052515408586 
145.50373615820422 13.183073322341082 149.00715122974518 27.70845161347591 92.93020476056824 
100.33566032935565 84.51619328924235 126.4155056439391 133.85538606532887 52.26980696810174 
104.89088403870413 79.57374778660072 146.50857950042038 118.38086819403756 99.37696538936984 
17.740424263845124 145.40323273190631 140.98574585460182 71.2939197296702 70.6277289194627 
123.92018892472886 99.66084014221047 68.38464577196922 122.99988987024857 149.55576172191843 
14.812545737793622 27.594874962264473 139.81550890588738 119.78209704127296 33.47682762995439 
99.59416940705754 87.57423266982813 93.40173174509587 122.73302795725876 95.94368749608122 
127.1790323606425 65.29193792609512 87.48383041253359 140.3751956602043 64.14395684135329 
137.21014695013986 52.30696507197986 85.92790799211184 76.03852861487786 11.58464279769823 
19.832106358324445 43.398680532232504 64.84065536555991 128.016199268243 110.80837574638892 
5.133390576046659 92.12617074862914 77.53533585266221 89.3142381487671 41.35548829984216 
165.75275930159088 104.34856991529564 55.52805299505365 102.92527165443323 92.03005623164637 
100.2572000216516 51.189150038193155 155.4339709133057 123.17736094153302 65.99922717854872 
59.42885273035182 100.6732242433957 82.5919535539053 94.77504977140131 103.83467162086203 
110.58859139753567 108.14729204589221 104.05311991817395 102.60115458939498 72.67414430180784 
106.1911768950006 42.281646175448124 132.3322932332549 148.12564294751905 132.8755484989202 
84.9943347451788 133.47206901438466 119.65876835740774 37.655039376234996 90.07472717953776 
124.17729125196348 51.406369215481114 82.64478061749334 76.46798779515159 27.530311551275535 
79.91225069193632 71.44562101403159 68.08819938849837 79.25094014732758 40.87004318165674 
116.73984422846688 106.75091406194717 147.32003577645665 120.31096946589784 71.3516988156025 
110.26143113195235 97.67903266424278 116.3592510035952 42.08668799799555 124.11062484439198 
193.94130220755412 138.25655809884327 147.40934320052423 85.9983940953681 60.55074472933468 
88.5441698722479 140.0166191390029 53.866863208070946 64.6949325052358 100.69424704961494 
86.16368025983088 98.26344606340686 115.07387184964678 129.67510577069373 100.8645626054768 
99.26527611064364 101.32623106600194 115.96803336589538 101.58015824649381 142.19798598761838 
22.441475769448584 80.02949073782177 102.06711655078601 152.14450239648315 105.91670492173412 
53.8534589541128 78.83016853932746 115.46192204327957 136.5324385421064 130.09136250695946 
123.94935501202556 127.98327776610154 144.88528735391037 67.77068270036442 48.54886871813624 
66.38821462671154 111.63442686633542 31.38480392100226 104.03797935349964 138.26503633776665 
83.28558549441695 92.66118768462341 77.40481251188459 124.10252028616257 128.77765853349803 
143.36658208768225 159.6335231088112 45.81480120268729 73.42097561660309 103.04168741501246 
158.11567950950078 119.89927763276769 40.303200359074246 110.10734454249307 10.05542651991455 
100.28635998978113 61.12662984357188 92.30990947755892 126.18607655823116 130.75801369021875 
86.53366038811296 66.85543145731177 55.8833717898585 97.34323858705291 81.43178304947612 
90.80966381020421 115.40678841956166 157.30942884819217 52.611156007614596 66.58074927086201 
61.850179738848155 34.1544953888014 69.65907918993472 111.5633765276424 59.316500227722216 
131.0581433516266 18.997310723158137 79.1694170901082 50.27878473642076 103.54572126514078 
75.04899441364954 83.01343979274975 58.29210073641601 48.40779574447184 137.26209152380773 
68.13095914577353 123.15736926106284 69.69006882832451 66.7648587095469 157.38240432591658 
53.92245733420054 124.91128627243756 13.302560650059847 111.67646192979049 82.26956454242351 
135.66777671282225 164.62330006753805 96.10800153568722 46.01055101276526 129.0648834579408 
86.94918589300528 99.59348495206883 59.20727179205149 107.88936663857798 87.34993639888293 
145.97830492989047 133.04029234692436 143.9771537655044 87.40128903765539 120.5610479239976 
107.33685429832242 60.37131331964527 62.632015868601265 117.85607559742992 101.4909695304714 
88.08672522211859 86.15532438552691 117.10803053730577 98.16713799560684 130.34067685307036 
53.61617477238752 158.4079620798244 135.28025166898956 107.95431004198322 47.0749175218698 
25.1338368906989 39.56733537778959 62.97989723412775 47.23964547854131 65.24414192519926 
77.72434625006491 102.28219788150923 113.18526886815884 35.22785524780126 71.25982283713968 
44.15977751770522 121.69289115496049 86.29661059392768 104.5310259426137 115.24919713996393 
53.75846830726296 90.36497707426622 119.71696131478737 127.57569925261002 122.06081417630048 
55.232110465468324 55.109029224264305 151.2063606892969 59.752071588955005 65.75696203106975 
87.81869000417613 7.122641795274401 146.10010001951466 137.71550036140596 96.52138333761192 
157.07156509852445 118.51932467857567 92.00581139069556 49.07249799196692 90.74108447343458 
78.66321768109509 118.23283247637448 146.3872918859838 37.0490415434724 35.13168197017118 
118.57719400774484 131.32479938005142 109.51413441329714 141.45973926851278 36.28679358787287 
63.132647460646446 18.226376165885604 69.56559753184955 70.07655661476421 39.337513157369784 
45.17494815968785 73.92268968041392 108.90913142520449 78.04731293670937 183.68001131920312 
110.00721317182219 129.90793524994422 118.6639038468995 100.17209452092969 76.45445501346705 
104.84850197950824 85.41822205498931 96.88657659139182 52.5724441386935 100.8658418599195 
58.01373975188973 64.03686987294891 75.44599900214787 145.66836940857772 73.46391141100952 
92.65351790496284 61.968033357087144 7.504731018119234 136.51392595531613 16.75290988438059 
53.58081869691245 115.1153039483673 28.358913752732338 104.19835680090131 48.9816093606117 
143.47337719336315 131.58283842259573 118.5364535336135 8.84798004481377 130.35907104338003 
98.09523427440459 108.49223235503487 97.91875632501 43.48106300720673 150.25581981703363 
84.73445259386531 171.9487820692614 99.49123076934974 17.740889819781657 105.30503479900267 
93.01471411244637 85.93918412078936 55.156655331076806 92.50718739313062 137.59858163154718 
46.786203161233956 64.8585647561078 9.818609985166871 81.49870739245264 70.41772451311921 
76.40406396047301 90.55705141535097 118.73814871044478 38.822911916203765 78.34638425355409 
49.70114315773313 131.30575163801143 100.923243274569 6.44382744342282 65.18545743156137 
100.89568613296649 29.68340572042558 33.1909589186693 83.29749692414026 58.41018943273876 
85.04946508493887 34.37879764319131 89.42972319238332 54.27593972596044 99.75877226791852 
102.83961627535386 71.14764176066966 114.95365177728354 122.03494806563695 131.0697375152673 
94.21396478419237 95.49954486799595 73.9816849236486 86.02251971165316 128.29848963026114 
92.02235597940306 109.31384331304643 98.0804594739045 120.18498909767149 98.00063162921778 
18.67388550891332 39.810008501123235 149.55363859273535 21.09372985984803 121.55042166929638 
90.46639050305315 97.93041792801439 139.9057454291658 106.16664582810611 119.3381970754006 
79.45675238866662 56.41053056995364 91.31321969231554 83.84372332398172 40.16065863453505 
89.40108985269872 85.95639684167416 83.75365387706363 40.45101799022948 85.85526491625792 
73.37807121882952 94.50069963447339 155.84685472116584 138.69350781238344 141.53734941674142 
74.23741644211509 93.37860595225642 55.32520311009765 109.33802907617022 150.82078748801268 
117.29357695656762 91.58114502266447 197.9908100952071 147.7365664810983 150.15641948373317 
58.95581851561259 71.71224926199766 68.38512472773324 41.148902383326536 70.32195998090175 
43.535306000704054 86.73278809430863 124.70860710628818 68.61946866079587 85.70966093583486 
143.289200714228 80.13485947529325 81.95729007507319 86.748162865593 161.87041499298144 
61.087134623657974 58.1930723097921 85.78784399986452 91.39603662293358 109.92370623030425 
110.60561735061118 115.77686754205796 55.002075467977775 30.220992742907466 135.9592901806692 
55.81699599064886 43.692628115438346 94.56435231975549 112.6186311820675 84.11658623214178 
87.01033267266978 105.57261259726525 52.94478961091755 95.44655492771139 137.82677920160785 
95.74026624091687 177.10382476453665 69.70327634967704 84.83541113336666 25.481756037982276 
103.89188796966992 100.68640242846567 80.28269171020187 105.87649162722545 66.1520686857655 
71.51629042335998 43.906505730515434 55.71836791408641 33.03230322942409 106.95658646800987 
53.03831030137361 135.3789937131146 162.888722316765 138.59155047592836 152.36546495461755 
17.198164422522883 118.84445759916959 84.08391100904521 57.754940360930824 100.20422045026734 
98.58198804724388 111.11613644666885 92.49403160395251 49.0725527527706 123.66600684909326 
98.93031615679183 85.66855455573774 106.57415276005266 75.26601209397661 128.43739120533013 
78.99463542567635 150.49628664850727 42.08706404241416 124.62115846073124 138.04065050341592 
144.22494236434972 107.59729938908882 56.06929134650058 118.12699714976807 137.4140729379863 
58.84245066276561 92.79212720016795 12.414032131134016 149.81235205550428 128.39384508229855 
49.78229233307481 132.07456481909617 90.94152452074024 95.63709735021638 36.17547127850895 
71.56814155870029 83.80688975998238 64.72475013289927 99.87245894960536 69.30178579851496 
109.06728999002365 27.337489443649215 127.59325800175594 123.21395928754825 59.66770408551658 
19.609249171276936 120.59112773703082 65.08441577267628 143.3427943302018 15.095543908641996 
76.12774789785907 48.40564581398132 137.97386415579808 119.16149939740457 72.42382521783614 
34.17894357136762 90.29402156609545 128.96952052452605 156.4953272644947 95.393638570948 
120.33738384397935 104.51591520248122 107.65938514535807 69.71515502555162 141.13231872568704 
84.07880288993441 86.37710982685644 72.67524211398641 69.3792523640855 76.54765666773328 
83.20444577015321 135.0570481966506 25.513771398616868 55.99137084826073 39.81134359934423 
137.97955317771343 68.66657177667336 68.02359793882715 58.36513764237248 42.563551609393976 
124.9308970042696 162.57435249413993 110.88007465577121 63.12898862162749 97.81504822313998 
31.577476805788567 48.912250031306044 27.831726500524557 111.72259919818202 159.28367536882496 
31.29433985015781 84.6032565283385 113.3422580312449 45.434505982898436 52.65356640870161 
73.33104265395355 51.30561602558588 114.11199206866655 29.485841130199223 84.30535384705446 
88.99032465549105 107.65352314602445 51.21941200053418 91.49099868422401 133.43633221968668 
161.06784769934688 63.419386586763224 103.33509053936137 91.21742083243639 115.36918121716866 
124.37805607545641 104.86308645329012 117.14424339390551 111.86205848721704 5.11897926839549 
87.3662966626439 87.4248792057057 98.66686149798393 88.17213530241278 75.04306532114944 
56.77401433945547 80.1314279894848 147.31550226791515 40.17756270779599 82.34887618510055 
111.96850944545969 8.490918862231537 135.82564327806753 51.92369284317341 74.29656422081236 
114.46893483133364 27.254422170840346 94.72460737634951 151.41287989768765 170.39753046687179 
40.036163759209614 92.34487763913417 39.49829290429211 148.37936359675268 97.70060742598416 
121.37063650223918 14.471228990306642 75.59897486077436 61.690766001651546 45.70970839336279 
147.25132936581582 104.67756478330155 125.91146207153547 122.45330269550671 93.13229428402015 
69.1402649904197 83.12322601490507 107.2343461769595 113.52178262481391 128.03555170137273 
140.42631920324692 78.30381060686352 112.83346370888543 108.93574816615998 12.221902930501562 
77.36657514605844 133.75184840787782 95.59611116875124 161.5147601659962 122.13259051953963 
157.17737293421087 81.54347508588059 103.51008339565492 36.748399672260824 61.117379095381224 
106.2582692390976 86.83978327462404 85.38461360881008 106.02913131234834 122.77939783448491 
62.88578650684728 57.93052280049589 62.337142922619485 126.5331864574922 42.263199778951424 
116.05781661143689 97.25843209911976 119.59388061682641 56.594231280612846 104.3225791336314 
111.83376024681596 8.592492369892723 102.78072824792368 159.54868077944593 119.4964067230609 
125.09456257878223 44.946376590605254 73.05898154372049 150.91029599822406 130.82498277709195 
57.73479828462227 124.87604287329494 94.35838642514706 103.16120205516931 63.08208046891359 
99.37083134276136 118.88084353114964 50.514340315104704 9.725435976770946 67.4471190335959 
120.41095170744528 63.31602815628606 55.17951626619171 107.37918469908693 131.86537409278972 
116.66675329819573 69.59970255941863 86.08828573723883 98.35773360827018 198.37906250763032 
86.29233923501484 85.96686177524546 74.06453207849972 68.44019813373212 92.44199689172655 
30.140448692085197 82.85087701566972 36.44642967844747 88.57930912522434 103.30000590379065 
37.07212896015269 114.88211571086288 88.31670283700578 140.32803030514802 143.9088764538943 
43.02153399765608 148.37275612707035 94.99345978013238 84.17249129505613 70.7603790973452 
107.29492151847039 106.50597637443735 125.95895734290286 120.31788913327459 67.78640109542174 
94.69721285102072 71.09898283011599 134.7688580022699 104.64407798170252 159.8477535178441 
120.35486098194573 63.444175451280074 73.21189231587041 67.73955570131166 45.93061141644819 
130.02319785580704 141.07020161346887 109.61754383838283 78.62347707879123 91.6931967643754 
147.9285773897119 149.19862997435496 128.93727969907798 38.71155001983605 123.5088869262931 
124.59929358063408 147.9795273481023 46.6640745969335 57.746017505304266 55.312443818792474 
156.98269347397925 110.08343005314481 74.71195716356168 139.8564444243825 203.22401691286282 
67.78322277124471 98.04315421735924 80.52747691166635 78.80553778979646 68.48940174690402 
121.28551975464136 65.71759745148876 69.15452233356599 61.488394232948025 63.130806261852676 
117.98499146145059 106.25407138529052 108.36833615494774 104.2252943434023 132.14756696593886 
142.93664748917539 51.241493656543945 117.8299428320127 129.33234077901065 105.25099523340334 
107.11962511026043 4.476288434078489 106.53921674620061 142.87081772230678 101.4254197493413 
139.99196842851305 176.0721720137883 55.64662152910361 39.777316187696115 109.00883388158607 
133.83371480853458 86.75253931655328 134.9270778191084 86.240787444209 138.7119851645986 
111.90439724625952 102.73838177224494 120.04025260260804 88.11155919574534 43.18693786895984 
123.17400921984752 141.52328955485618 133.76117392685288 98.68365811368272 89.8034996497687 
50.16271886544504 171.31362922638937 119.83998948122921 120.04779462292154 95.81595929465803 
69.61912154344657 113.94422876811338 105.15862952975131 116.94437559048548 79.03091671014454 
74.80221935540794 48.032293716513536 119.72475295688969 94.22770569936019 98.38951251769356 
98.6332296946621 18.47876824988775 122.64770252602052 139.32989307044338 93.11622516451617 
103.61167789355778 71.05510283768247 61.108075782327404 51.98371130870334 65.69383042022437 
78.50136277644738 118.64865004711766 50.16737417982693 92.39220496209992 153.03326339975547 
26.23117191749713 33.50487323677326 56.80143187450096 106.10807597436803 81.52530186276586 
58.46251371780108 77.11134606690474 23.614873383060125 87.42160646050243 123.50600764192149 
118.59675893753044 134.13978282674225 135.6422090137034 67.17293783755032 127.5212961283882 
62.383631924075715 46.58152874586437 90.49523365122388 24.790806863397364 90.84059322204047 
146.64755762092136 33.48704572524962 78.0126208267898 107.41363614909065 63.73772268284035 
131.20105766356693 100.20909262585886 147.40933005829467 139.66053264504689 55.79540699202993 
134.93991179750478 45.18140632078841 32.99297687401799 120.02399048030476 140.69682367205823 
31.81092151463161 83.48935224790952 117.57729715559748 59.57748431469532 62.68225379967016 
77.37890061760851 37.4011457461533 38.32475949151723 153.76451449264798 79.65549607877392 
86.8179392440393 26.488213334889412 115.21844359965914 121.71015521605443 91.62393094722707 
61.26707704068532 111.56711980786379 70.64321106131985 76.23315994077788 126.38663204763571 
121.97377407664321 90.41123206780233 144.34136895516278 83.50631482339892 25.520638401675264 
111.9642205155827 74.69777542243966 50.114423491929216 53.99048130000247 95.23363230614608 
140.97819827019885 126.13203723212645 155.3088006802046 33.03760693792615 93.29171529140108 
118.15582081221689 80.36000986948977 88.83316402903883 106.43730001282071 78.88425500618422 
123.3033411890742 114.23445999259569 108.72753638642816 46.458094625296674 103.81684886143644 
126.93248387655944 56.41560958192272 102.68257197906209 103.80352016884845 131.91960146240592 
64.05699002301081 160.38382489881099 138.41048923189214 140.69806521996176 121.73890835701818 
57.64213279287062 179.27266036837722 73.01847865336597 95.336017396458 76.95446897911772 
133.9478025633094 60.41162180894317 94.85799400488045 141.43497855000177 125.51050074016021 
121.57322348487436 41.21194160072652 140.02653602746324 23.11769219251121 75.73327377973601 
106.69454795114885 30.2761747180114 68.85640642585369 90.38941787568565 65.93121222075287 
135.92123082754964 139.85925986778628 63.42814781877876 124.49906061763907 85.68171502820456 
64.99237964796225 31.653647850164425 86.61514215909166 60.745602407133674 7.859821135320482 
131.2329763498209 119.6355859358837 64.90502480469424 138.93933805979435 88.56794708019382 
117.24047477564997 50.45932449753274 113.97194993462573 155.9970053506275 48.03381545339838 
122.09960050142615 73.32847107460303 91.40257541147554 52.25764903548614 123.7274773552181 
87.97095088825445 66.25591070331004 88.68796499398262 57.27797267576908 93.85799764409954 
6.801190950642863 70.89294813600274 61.01473331938572 128.77834541770102 86.9849588088935 
53.813246605311626 98.63101692910367 50.389553985058335 95.63015171565793 85.53853598618166 
160.1855698763593 66.00206556643109 85.06941283446125 158.43993515829803 109.01477452661523 
82.45762186077594 78.39571983781309 85.0441912349686 52.82755693390461 101.26660231733833 
140.83762614718947 145.64694711227213 132.39078890789312 79.51247455253454 150.82533358159688 
56.20920390470916 96.78617695511471 91.79918744916291 137.53252421172735 123.53003096148727 
53.46472259817683 133.02471209853633 85.82412112135334 105.26567245299945 108.57943714210366 
117.64370857304934 47.85666190708335 19.441618518329328 123.29387785085149 126.52680052068027 
128.80071593775776 20.806571611445865 27.55515945815448 96.28993034513556 77.13212509857506 
85.2070112926037 71.97585014067033 72.44135602670745 157.9670710586028 71.94056381640492 
65.29479755595523 76.54320508639522 98.57003482147044 117.42855015409438 110.73674419017762 
143.62755439039287 87.78134226352873 43.816472589838575 132.69181535920674 179.0382915112319 
70.31641757002167 131.68231159204524 22.568811280250173 71.14148961849831 111.23930765669235 
93.38876577369118 135.87782454515897 127.15928157706662 56.80503769642533 20.542964171030107 
113.70162580491191 73.6881300764768 203.3476245362714 128.82719261336345 119.01168535064113 
16.793266851310396 108.44403291778583 118.84698301556016 137.85330120281046 17.310937275203035 
51.58366388853445 117.794970005844 125.89011473366097 91.22329324667707 87.80536003001188 
108.72314681364416 95.54125964728365 120.96624156353761 145.46631651350611 86.68468385705675 
88.8839218447296 151.8095826071735 84.13050533792673 87.73838644397036 139.1670392669021 
107.85853764451458 34.99756331853495 100.0641729934518 122.5211875258053 102.63641596512531 
50.861962060793836 90.37155427603099 91.18535744166773 38.04858576178924 128.08346826899657 
120.23091495504575 134.3868921318575 88.13500222917908 49.56800361370752 108.18830725758149 
95.48127764208682 79.37260440843878 84.10465469387817 52.227984344988045 53.71095282870023 
53.88330527977291 47.653297649370536 152.85343314279885 49.7962238058816 29.705971154335643 
106.76567216846473 90.25403508804023 108.56726979622321 161.79034106341575 133.45494067814133 
139.37754597278482 135.6861109440646 73.78054900693465 88.30724738563879 39.50141526525943 
33.91089509647697 126.57950663090267 71.25591203542345 19.044567641210083 102.34101134711487 
151.0137843551729 50.461688296481626 163.70044773595424 27.26847774394863 129.33650447143248 
80.43133898337913 102.08094786377009 136.2424482526732 56.34401938724333 76.2028743260749 
133.26593100769205 92.15290664501576 78.72968635084084 93.08108954438188 35.12381257238211 
68.62909314595018 100.5245553309727 142.7542960643099 52.980585959182456 199.84510218687308 
82.05558048756497 182.56887144928524 83.34620913433045 76.35080142652212 129.3796660536952 
66.95024799548665 80.13347594446503 144.94635312626556 115.94130835146079 86.62138721021631 
119.40624936539737 153.57321389533982 138.64114334215125 122.44683392179924 114.45915452927102 
102.58798215011664 51.683428375297474 64.71639822089264 156.30085121112603 103.03408638329907 
138.7765431390329 48.93424496473146 146.52943490683913 102.60362583519175 55.633596882424676 
135.57453377433956 93.42165882066939 70.05623843177621 88.50669772044023 159.65049718055997 
29.40160213542011 142.55153485279942 81.17708476603227 75.29819842976642 90.08319804624693 
156.78904571901757 80.49373816658513 112.87187389848441 123.36109144305159 40.66079424589048 
81.69448901389613 78.80971198478652 153.72207159063922 101.782213125811 52.71177484332188 
76.87758493391073 107.02806527054275 74.33969972813595 180.39290952429545 86.44754511005819 
129.07774986497122 89.58616098591997 110.35945080232953 91.09646227707192 149.6379985776058 
14.277659559605699 60.190598959679704 134.61244588906084 75.58555871891933 98.72165275268765 
130.874530827793 95.82657800784023 118.34059081009086 103.53729568437227 106.35028471510985 
109.44517498229605 124.63174411402453 179.59887917523218 91.5237812687113 35.05278955454973 
90.35265110941681 135.03768025695476 123.37577224265152 42.359908908259555 63.54887280100966 
95.88355543005432 37.29274370900912 30.844619183001342 69.10971650848252 142.31412926652402 
25.28078893451015 57.94840655501775 117.4434715438217 64.50788378013081 132.5630523159039 
103.90375130495354 101.46645590716837 123.36284097143836 122.99953706177064 63.38598431104765 
97.50865111065836 132.51151392797593 53.01036469816161 100.61999332459035 70.40483621981602 
62.405915642440824 78.20841249586874 34.0779254063389 58.043591046199545 79.68085264696091 
59.92144574556554 127.2162942944435 18.601747088620456 30.970876901524438 49.53565634974459 
121.8827930722405 96.17093985816413 85.44442675206012 87.18580981830405 152.2208381527977 
111.04439606370677 126.53023555737215 41.33983565320877 95.84203976825088 97.4862310736628 
74.29448545706249 37.46586008826743 74.28282426635965 50.79154987260715 148.43532102724203 
52.59524916719254 67.86022642593022 25.29886408413281 94.10411311381814 82.93497729657655 
107.78114835735653 109.09724823265789 144.58836952669293 132.99369814271174 45.50162695503929 
79.16749687834951 91.06047529596168 63.04575027088607 121.1126302430493 77.01354921498296 
126.19802096652613 152.30694913744267 87.26644314262747 146.5663529441527 116.162744362988 
97.62577462159864 87.01213462653135 54.17322025832032 83.61528723307819 64.34695991264847 
165.8588167913845 119.08212430839953 82.30742645151761 45.896930309178266 58.4208391376444 
102.74603207636778 128.17969518419045 62.13828813465674 103.75672289534475 89.11066411593883 
108.3198111190046 69.01894519563716 108.3169480119941 113.89130810525157 101.4957466754383 
142.43285537105268 136.32204549847725 140.4922146408608 135.23649677203124 136.8415094714205 
134.486746678398 91.03468252387225 95.21869846965197 96.65623462719668 85.84576946799943 
127.79021176010984 129.51172637858005 108.28770130289215 55.913917353787234 69.68403491634373 
77.38955045623298 116.76298944068277 118.64334000052507 117.48936450421769 102.39667643255275 
132.8861406518637 67.01031436581205 140.11343671443146 20.269264340944368 65.16207632823136 
75.04845874737894 105.73986675557897 144.77432473349972 105.44463265923324 134.61775492633288 
31.394656011477093 78.12569387446968 161.28915940377533 137.13674396433262 125.485727144031 
115.60060182037964 146.70474790493745 49.18471162859629 43.56271409326554 106.44754268856032 
29.657901059531678 87.43735656064888 159.83461765212192 134.02979722859735 135.97069996877997 
135.66641530955783 86.69160093959152 75.90112987622857 96.27155502895079 26.126606818122678 
153.72330813208873 149.9236288864295 90.06333882329706 31.851907401316506 56.62033034130467 
109.91043686671166 119.76483873858626 148.7149986600084 138.26116869617 126.3861220004773 
123.6770144475642 99.73168104030431 68.057778204253 59.31421993798129 169.55699159412066 
97.67979701882176 104.05271698244138 17.54790568936476 121.13012860820639 144.71579039480866 
93.0465191670773 135.2637842229547 94.1864259871702 37.1610742498149 75.86070255017573 
111.49817854350434 89.70332337483266 111.58472452331594 41.87692308242348 60.80246657337395 
97.37027475365248 56.153035525186006 94.55542451803143 30.03285847224626 68.93892159906912 
162.11263416582162 65.05420103471899 95.5893095802924 106.97743126213369 67.19213985947452 
123.25492258417309 58.678669246070996 129.12797401597132 116.47026979308812 103.74310284972621 
97.2981105368937 87.0877935167983 80.8169832986701 38.07924598193606 32.68895229340973 
102.55782923129897 114.1540984946445 50.41683457386153 14.265155959757713 33.97224415285318 
174.6456321881067 69.38782255777623 47.559489063697946 101.91413752081601 109.45532065155587 
147.35996980739387 93.21318209657746 81.90084223732781 100.37890730246549 91.01562899976153 
31.888711887307032 96.89057334501119 60.082261102371575 102.59191881742248 89.54986351500237 
56.78462892044512 115.79861960223562 148.7573052256197 145.47183423339067 149.8377328692817 
139.34933805558208 67.03288896597698 138.49253413752788 105.04245743241957 69.47654493322179 
107.75382104785531 124.07561264431145 104.28830249132952 85.31227862360493 147.6279888106348 
33.147254725961375 145.57328747142637 65.85540123321591 33.11566708691122 102.73760530084958 
60.843125744928834 104.54228010274905 7.239939893039583 122.86473562526837 62.81501365773633 
110.48744979634564 74.79980054202309 121.33825878601378 102.85071879880454 75.72362644538903 
167.62404983915988 132.66083824351566 103.48791214042197 149.0565591777686 89.64878948463252 
36.571993981756656 97.33188959444962 121.84627389793215 137.37647060015846 76.02965406061209 
115.74849055235123 49.34251329167958 156.91005522941722 134.5640107674677 56.65840160110994 
60.92534081440747 112.78076116469906 127.75009612060397 59.753694735372335 91.9608798089908 
121.55647478641357 109.49347053084433 123.75475435599326 63.62949772221697 87.6319195061168 
84.8685485203868 120.15737921091122 81.25333839295466 11.516028342619135 150.0610019448805 
176.6515380528604 95.98475619712868 61.84118890050624 128.01383246264888 123.73876211599986 
130.6381924439123 28.600208719089938 208.30944186167733 16.300160000729527 88.75108266037064 
49.990676816732936 148.15505196073337 29.515466477778215 15.934280492134812 88.2096363296339 
102.10642640916188 85.53664607795675 64.94155885173417 63.598057992218735 73.13684471971408 
37.42418210156458 37.171762400717206 40.243882269818755 101.6651677181545 95.51979506887565 
113.4900136367349 126.76141101402123 138.90244013105348 83.6657438046811 81.58566218082645 
159.521388888863 125.8896030209021 161.25670749521905 150.84721759661534 72.54152468068712 
137.26810854671436 127.74665066276911 78.78472265577514 140.17967506659147 96.60866978720524 
132.49547488639735 56.65706490343651 47.61101622646981 165.96615410528926 65.02898712221774 
40.30581444017661 119.50799007702359 11.558762909585104 88.6762256404001 127.93970550290506 
95.97542466474205 33.44249557380674 126.27489045405537 152.0283575642056 116.18886278090308 
95.13264656202809 152.59784153017839 142.15291215587246 80.38600661291483 42.530165076169645 
57.99207843299135 115.47076137285204 150.9402827459982 125.80131479638152 106.41302264708429 
48.710430482451216 76.49247073772067 118.75668716726783 78.41470164244359 87.75101109242439 
115.40018904310972 88.49995414705462 111.02169369356697 112.50780712417276 74.07464653895711 
77.53290719949973 159.22723936225825 105.84150446618881 65.87845478225991 99.66733695426784 
182.4150048652798 174.0567399825294 53.77364941958872 81.843546806368 75.07456490621828 
100.10544601267084 98.6254612666434 160.3428001347475 155.13597929238045 92.11991128716727 
63.52336994192049 136.9807322381507 133.97497258729445 134.81572520783175 100.42706544286317 
121.97778322712729 24.30785924381399 73.58984549357567 74.50484942615475 94.31347332168393 
61.54459276559678 182.4147549467028 66.19026232344355 56.95202061834835 72.92730092169306 
23.775983547034812 84.33150428396209 84.36556145242952 102.37800206336732 33.50622656962298 
53.24985546870538 61.012921013603716 154.0613857792904 73.78456185933916 29.214656177215417 
51.49046288969485 122.26880124403391 21.945327440020183 122.17632567411361 97.38623595040922 
127.70239402644151 110.31128483089351 86.30544327487588 71.77863189539819 96.5374109013364 
74.25005062870656 111.9967378153982 73.155827846652 66.96751008221153 77.36347407919881 
95.25353090188688 85.67216226847027 74.20380717995545 106.71055538432195 67.61010659539618 
140.491334323531 119.11989368810578 113.43239860251585 109.58180429111242 61.12686946094994 
112.41903626759635 122.18992949638744 80.45162076274512 71.07528091144366 72.78152011077513 
46.08551160793702 54.00511656126589 126.48199982998258 131.30375732191075 171.3858436908437 
39.57365285136071 90.94719799018338 89.32143759969406 90.24220032479028 81.34285806449635 
162.36706719259166 84.1124128976943 105.72840304532465 112.06374499724146 68.60759754871363 
110.79751993451067 96.14110240820847 105.22169501600344 92.8236503372138 43.99751413432347 
65.02203865001529 109.14408556075949 122.07440257201179 45.05813478585888 105.71320583425285 
100.37169203764576 137.95850489283222 93.58650369294394 117.77981195832452 55.75280017395233 
138.60026630517245 116.58547968021412 24.730244348169283 73.76252476136919 108.82818987395964 
113.61765704054075 111.22353200768987 117.35483860766512 46.72522727505262 110.90116140979231 
151.9407732634056 49.0329296024685 120.78098960233997 80.17598387433519 114.26139863897566 
18.787756542982102 124.3507602399986 66.19874524877306 85.6475805650143 62.48842280318074 
155.4212853544536 92.32656969658721 147.73248631048762 147.04298575754584 136.17563285855906 
68.05023144707144 58.296939912185834 14.821447099309967 138.05774082292075 114.17622545514314 
99.45787071028676 53.115363408955005 66.63715281948738 66.28731621370943 85.22310752111522 
105.40845932183228 65.16984176345548 99.41218241158525 126.0464993563883 136.86401837819616 
66.9487832420733 113.02353236093712 95.42776815430224 15.53313271061434 46.99706911843755 
148.83146926729165 74.23760652272013 126.88737391196887 84.94816264852022 64.4003330445639 
94.23212932552897 92.00071001385889 96.757454493181 53.80296900041753 135.60444211832535 
143.90276192054262 52.704977659978965 104.18063818148188 97.61739395892745 75.5961674464962 
83.97719857571123 154.22006705235427 115.44298523616193 82.5068791770067 74.3417652168387 
157.5908212978341 72.62112993059732 157.96540548379645 60.64211881269022 43.8732793364417 
83.98003200726481 113.26577449845166 45.60393967497066 98.69838940431565 120.96039426505601 
124.27494312550333 87.44655802376715 162.43690969859696 126.74297431598144 133.88850854529161 
107.63114771180041 79.16789617720029 132.42502525425306 124.31931619091132 91.46655885562168 
103.83205092070334 48.54283249504552 31.458771765402012 76.41156199581731 108.79138165416512 
17.719300201551185 66.5022886788445 125.86848907971319 57.39314338920007 135.37938885017806 
76.74020190003894 58.07091514884613 122.54062591646898 63.09715343503969 26.34706166892519 
142.2712994706284 144.412686442317 100.69539984545739 119.99062784903214 122.31658183339769 
109.6144481552279 110.29634265525314 35.94430332022683 55.186279488537636 95.01689565116126 
159.57699660193236 138.98543064441287 73.13847610109563 119.16251968893546 92.80310868046281 
130.57310483655195 50.611591588538275 18.393455762200595 98.60682654576514 63.163024708380064 
83.18179960130792 86.15603708964873 144.42520192776985 44.60961501155653 104.66372884410767 
24.468160690455807 116.30451375580996 128.07067878883169 92.72356617987963 175.85895620599842 
79.47933875703926 134.54902329685964 154.33033862293507 59.80686015303957 44.901573557801996 
85.95529327858699 73.14401073023508 80.60792390760493 83.98382865469345 92.95267891294357 
52.023961421478276 122.61710860343118 48.530305395509835 90.72736295944438 59.59674485760013 
159.69858979154984 179.83580110359526 69.48772347531477 131.0609000878559 119.90434013652168 
115.37342794970655 146.11666872131167 112.19508008966747 131.72657522611306 98.3623954403445 
47.37251753722314 42.31654133006247 163.98050302368512 111.4456782916673 89.8657038153167 
98.20884156989125 125.49369124208997 132.35821198925197 69.68645561521045 42.77496917784608 
50.7800153925642 47.29031578391229 50.32301542080463 151.1971621190048 81.35970701199726 
78.767265660156 95.52115376358542 63.950019546517694 60.990739005147645 38.086128718403835 
76.72695449659088 44.355090388447486 64.45733440954308 81.9656631817763 120.87735979211796 
61.15041331559843 122.55853990287662 135.02315041444584 149.62507744376862 127.92485749900821 
16.91018768442023 157.22106868946474 139.2471894375351 127.85609699369658 95.74392722739216 
103.79053234087012 107.32915089405213 69.06429647158593 109.85989057267719 128.204719270597 
137.3255450552275 41.313644555964 126.82892623771691 46.37299202741572 125.00786485870577 
127.44199297222761 150.31935405371132 114.67581789495351 49.75077547630617 49.08068962104952 
111.61843208075129 27.142728477267532 111.90302524428701 103.64591671477041 68.64158882824755 
128.87457647408257 103.75951598839058 52.079043545028135 56.01537803613035 57.19496519911801 
92.75964404039075 125.82188982519567 30.012793409159887 125.43434540148395 99.89380359973218 
81.05457401541379 142.15612956078266 155.88270099850146 102.18474727928127 153.52672996977654 
77.34058475564602 66.33518929512682 63.201428651961024 68.30558697358192 152.8883688065463 
57.903344386078004 36.14264539745991 77.39161611504153 128.8275564723659 227.2357034917847 
39.51195348081114 73.75259637422114 133.22559783072992 75.04914397132602 114.57558749117358 
87.82103117697987 63.73546258302475 105.27257406286535 162.1218084797207 116.73676024032137 
144.52656823442484 54.19686419793022 73.71269379579776 70.12538727756451 81.05728647941692 
58.861479303258385 96.08557145897144 12.738414537185738 143.95205992496474 146.80389819775223 
63.00350521970685 67.07897192398998 27.580058237535216 113.66497225249198 49.14596613298146 
127.87549616645816 78.877488570092 31.560101394006967 106.32175077959594 72.56088713934979 
11.765922776200346 107.79168013211759 31.645233549709808 114.65225323384466 89.35143734311839 
58.76609743831491 38.77016746014461 40.18276776048292 34.33698023713726 133.65946773920103 
105.44956165051317 70.53914687483862 58.166763361590554 64.63757320527341 127.89315587816854 
18.908040617684446 150.73167271063193 111.21380371108495 103.57530655480878 59.181382784663484 
94.58857531373266 112.02413470121324 121.12109390091844 39.47950708012876 75.89406229347763 
100.24117199027295 135.75374883319293 121.48391760354961 140.18574491339362 78.93415859769412 
49.762344072340014 98.68681942935255 88.28949981325003 68.60199420911508 28.226656920359115 
61.9406549346051 118.48650815513096 60.31024812128197 36.69200381985201 51.58895323634652 
81.12707046664511 138.60731067395267 163.25879138969475 126.32538069066183 107.5660691588147 
144.06804846845742 131.3396801133063 111.05813366305074 139.34118613621078 117.94306932601341 
128.2120467258044 137.43509954390126 128.3327900421401 155.18086804319861 145.79523996322894 
38.52035623528371 127.11551774199835 59.03477788558194 117.86968333087482 17.379679510032584 
99.56959055744946 78.82500863134283 138.72156161947095 125.06544460270995 95.04060391389686 
62.1855265743981 65.28480938783191 124.91766710005037 105.26850650378996 14.394838967105086 
72.24694536234016 38.90427385269494 144.40193147776353 91.69227335946671 72.08192155626573 
125.33725760956803 124.05519204029163 67.2901850812172 38.15613477281015 100.59094531093103 
62.894567034840136 69.36927059674908 80.80428605357581 132.18630583666098 122.21409600719349 
77.52220464478951 123.3029789541102 56.837201335228585 75.55632528661194 38.33218347778363 
95.94140920374281 66.29406305259744 126.29106447418943 119.057439272621 99.81874197764664 
12.993316462509144 102.94364197084835 74.09694762308918 98.68187039744882 114.27621475999024 
76.54975839415879 105.38076733285968 166.47523870546271 109.25556282007231 27.632040402658046 
93.68270338864232 149.59121943820125 109.08026860986364 77.75633081728684 116.05445467410608 
78.05174168566192 50.16389606569545 90.46166928300323 33.65895172516499 64.47074919911871 
140.56839751581902 125.62136288592583 99.29340953190493 133.4923352770765 26.226748890804924 
190.36699056101355 83.84899304771996 106.64491266204031 133.7142370063035 100.66839878452843 
74.73115250565121 85.24729461789046 65.38084447980877 98.12921725186466 127.62867759415559 
80.15042465118879 89.18214688078345 64.54245351538113 119.81125536125728 160.2865597921422 
117.37578754989714 80.58267031785161 35.46388386546974 77.25024731390299 101.48572961912693 
106.22151106204849 127.63458964708376 134.358574545126 28.666618326876424 92.67865166107855 
104.87096528497767 140.27868513830686 124.17813767545078 104.39521801854198 114.48308801480779 
134.44795214709416 103.25436976725513 115.98622763069764 52.75441734473724 102.98276712907774 
130.64764155644298 5.2820933543512645 157.67303888135936 88.5883131726145 71.9378430304347 
29.89355158021494 114.92522245162533 89.44619221506946 68.58808736961569 120.74661138474917 
145.40034899836763 77.24508149258381 95.87032589782457 68.45572921417818 110.22663647634762 
130.6248682232718 71.91485151043973 93.81265135924697 50.95062166022627 111.88105294739684 
62.3336798767816 105.3515903560184 97.2748985146864 49.70540536198532 24.540086620817828 
133.13655675898426 50.24666863773823 112.50735531510821 85.23831263480295 69.65931995128749 
129.01776309976185 68.4073391500267 63.76313820034644 34.98485102338896 99.757397111927 
88.29155023022838 102.77844230734873 118.70845894396943 108.80192305992786 90.62034637242587 
100.38794995350669 125.9376485500426 37.77195582602147 88.54100778267434 137.59063764639023 
138.6857802307078 95.94041926939227 77.0823109528894 54.539237835239646 89.73956928723244 
112.79036089225038 18.44211409425793 25.278657044933738 170.6029129236547 88.55994885085698 
88.51504388278914 96.9691196264379 133.97182701745612 136.18687126637957 140.0848044628904 
127.00541816373598 82.90092912378472 65.19088947856063 98.9295303725511 108.08229738065529 
69.41224761051316 43.84393705321788 221.07883982749183 94.38742789767554 93.54577162485157 
118.80938754715332 67.33398534776607 87.39258139769383 23.124082957173698 160.13909969148693 
56.809101383493 92.7949794068892 154.74302797180363 135.94154852503559 92.67897471674665 
104.61799204391443 73.93662180115714 122.93941095284335 59.80749009159508 92.36091315349097 
98.64489353233726 150.2335341923313 108.90261252775757 110.39883692236428 42.306792861457005 
117.10402084815982 120.4082553614314 93.53153457087973 61.181918386666375 15.865151499580296 
38.924465314246724 45.6027937293141 127.70313990716416 140.93504483358612 92.65597630944198 
41.16100948667114 86.93768442169919 78.69374621465549 93.56094884063108 61.808128286029095 
152.88039103984855 131.72037675720958 118.62211051081839 101.51007178874526 114.68811935951446 
119.3846760365833 150.2301952746705 127.89120469661373 137.60809460512482 143.34410937114305 
104.09973102751037 94.07884502709766 71.27403565272719 48.329447652343575 137.77594633639382 
90.67782401775551 4.34306860387435 83.10290276643008 47.97275607512857 106.87490220918208 
154.68711440769115 107.13429492500627 122.9935160892638 111.94348251891955 34.08559084759056 
69.10482253870921 71.59341529049885 77.32790570033566 110.25266957293691 128.35455278143897 
69.465842066139 80.85295550085439 17.454613413415053 95.1834814867002 46.04802527240329 
94.85792294965118 51.157611747123475 141.9337351430526 88.02461698015108 77.98216745836113 
71.75131940631691 87.6133913098081 62.28722360847431 73.45497675084681 88.44083474278156 
27.764327781405974 126.90887378311243 41.408891327729705 58.89562985527345 102.33294203514018 
58.7770099501766 131.70022748713296 129.15575820126335 133.73728392861943 21.21350250700106 
100.56911767525098 88.68969638519437 141.18215824367886 52.70032016671943 147.10381113349857 
81.57619130206001 44.394034076588895 84.63377897275932 72.15613827538394 135.08007445156682 
137.0087710757922 148.60617678560573 81.7816711466401 92.92261461932888 72.26408551663505 
87.90579815411745 110.76094514064928 93.00000973534411 105.86332700752423 68.44316780318479 
129.02044024107192 73.53380653226789 138.62954528687692 102.95287273846236 124.1543852986631 
101.51823099566793 56.43078657496624 84.78109353096848 89.89752591502021 26.69625332151042 
151.20245763633045 80.25505231586503 97.02764899461134 128.01189009268634 113.94351144196693 
111.0183070881718 104.559359971516 109.02755946823554 72.07943450438702 102.16770837576557 
131.68352677723132 87.31544518840835 123.35781623572241 115.91333464256451 37.237744108592295 
113.19515236889713 122.28237848884403 58.793174745834314 113.72356185377802 24.419365225689734 
74.80717845142591 64.79657169268289 133.43997963759023 163.58435573267067 87.17549936944108 
54.08510497245672 81.8319811595434 114.46671901316807 99.5012131916581 176.3780554420075 
137.52232281729616 17.869257879986506 145.71577442801825 112.01847692054041 149.3814831343876 
107.153200453122 112.58393620426908 79.71920247094523 111.55418138561814 88.53723024049998 
63.45336023899638 8.880441706241818 124.9792186807103 69.5166926474544 92.72604523980891 
130.57030125694484 98.23275457944578 65.26687852271446 47.99387781469948 114.05472770384476 
56.47594293331849 99.63781379990878 120.12206536783849 3.7255554369260837 72.0092521568845 
74.83762775474119 84.66438657367999 46.63266421619958 29.00719631870006 37.24734517012223 
110.89488414394357 123.546286305666 109.68999298006368 154.80347044370947 164.07345556846641 
106.63986418802884 133.1939339585979 136.58220486275545 105.54132873432052 51.298121727746114 
143.30501291804455 99.20263806317257 86.01747448722122 86.29949501727502 121.03291569052523 
135.4738182004718 58.56534151791986 56.72233734358096 38.00717209183637 112.08677318141612 
68.21452582490757 168.76482059404117 95.41083956126336 89.51479673226771 67.09666422990433 
42.948385534480344 138.175435411829 114.84774703928674 32.60326529802311 110.90438986535328 
101.94481663233394 125.11932585785864 47.77947361758549 130.44691954017983 157.91609851467345 
103.84496549907526 101.45304030809082 86.88499186150688 152.08918591696207 91.52497626285816 
64.82835262504075 145.67373399779214 124.21075069507981 125.59998680887885 95.6788073877522 
137.20602851474766 61.362934721646575 151.390528849859 112.30228121843261 120.03332447236197 
129.2918150638555 46.861552492857264 153.82802815123767 110.19548469682707 71.97877563568188 
86.66566161786723 87.43522986466961 106.31337694592827 127.20837552810069 87.212639728771 
51.679864234989395 69.15674196112542 149.24257882327134 102.93202789639341 50.17211012859099 
69.22590961843694 72.35158349329278 83.39918197272078 115.35265442587769 129.8808957713502 
149.00287065379993 110.83092666733546 140.88614197287114 42.0618013203845 53.31622400146374 
66.05283160092382 105.61185891911927 126.81480979155755 88.02612396683583 51.08951977276988 
3.941082364967037 40.231604805656644 130.32072289673093 82.97952643056362 98.1215621723335 
136.15185295330207 31.7963064213568 106.51501525928894 47.14855825090407 78.3549220140173 
44.09488267005537 97.87290175390426 109.5316999782976 29.9443535017976 85.64280252016387 
147.91712072509108 92.44664532261275 37.68879521295525 105.4487155180537 86.98692146364995 
93.60382112552188 97.06232315808064 101.04293834932899 94.60924057599688 129.51652886794034 
114.12099527475213 115.49103357328315 104.55360146122364 22.063946869934416 92.84658665070037 
42.13479958176644 115.02424277597598 162.78611879817268 55.34613697876504 43.68498661503239 
57.269971472272076 137.4368464261151 90.69638261974269 67.09922683180942 120.96319840939036 
93.13273343881687 125.39603976056202 57.38573300865982 102.09944936192338 93.06474674315935 
80.42979065302731 106.06606587678503 117.15706128459681 102.13044449285279 63.19814617908796 
120.00115261919669 110.71346215851536 21.557017418928762 80.51674016831454 63.57331411520747 
93.52193091729875 138.3667457765975 129.24293402862267 78.09875859880584 112.26368642894695 
132.51167022431713 77.4460247885942 40.536918180063786 123.67426468621002 164.09364991010958 
51.67413302490059 64.20094466653981 64.65327901663849 42.25846911336895 147.37131725978608 
74.95401344979068 152.44354103445974 33.42613379688793 96.80751632001201 114.0895819907634 
117.33326076451063 110.28455747718976 129.08130000830602 52.319014611714856 132.7601669167554 
129.260826278496 84.4888984834229 100.92985974899563 132.80148911206018 175.0495141272714 
145.78565155167732 105.31040331207373 37.95957052026325 110.37287634059211 8.241241054010208 
116.58726815247427 144.3918975873955 122.8993228227717 142.580332262059 141.5251151015904 
141.74849889425818 122.66463119842031 80.11341812276895 85.89168492037825 133.33078435063516 
85.37095632388532 60.191415799495196 97.0518413908534 106.75767283928197 128.8434799213532 
19.66306248556798 42.900829668253394 28.574551615029744 59.09544796354861 124.61465141368802 
77.82240504790944 62.410127427261045 83.06296153227616 127.76991487810893 35.12711336955828 
135.0572060802546 106.08028159743375 130.51563519904462 140.71047723989258 124.38512246810801 
72.07469365225327 56.65828247138243 122.40818545845296 45.196161537806304 52.49091049042564 
97.64494968813801 105.16929000921577 202.08514221951694 106.14649959840322 110.1794598497427 
123.88896868769228 77.6043259934289 73.63562317248359 102.6340616455888 108.37388056245693 
127.67588113824044 35.815962965205934 84.23636644643906 142.37686550734168 83.49130526920477 
63.074889377386896 185.13873574450022 42.51548691028866 7.7431385478599015 42.13118144206428 
11.602293874079216 55.7191532901151 75.95657567238227 91.24311613172038 108.98583569207318 
35.64763666780737 81.88417320987996 109.65054667466701 28.85029724225414 19.94816609746652 
102.69720202652358 120.52470834756504 50.000516500229914 125.48918433321414 225.14858451291798 
132.3298640368716 85.4325916099393 82.40684141185382 109.20476071725817 131.53586052309194 
36.42307326818196 104.64711091217777 98.7704662335862 65.32179469552955 108.65586128417661 
80.55645688359301 110.36065032653562 100.71324464567108 84.68721881864448 109.64733139517627 
96.29175230776518 112.80759903270871 90.54166963748818 53.77708875965273 100.68761678314462 
41.028667569152184 177.7913317714371 116.42776109553509 119.77261691769793 14.353873742173112 
99.09819960131716 85.34914835066029 95.81357803326836 131.48193874545265 129.83534130334945 
82.08650949652026 108.99091060745074 138.79519083887598 120.95855726872168 141.46430424359352 
69.51365587666551 54.23768812659214 139.20059911250317 35.093260194241374 68.92022965396711 
53.87020406649853 128.43359019162477 106.32028449909222 84.43231664874867 127.01888895612659 
91.75535261622511 39.33929446353717 99.0007961940651 79.8769052980898 122.64813468376221 
137.92296994409662 161.69440583462855 34.76521459875738 90.94978728258363 58.58731363346462 
105.76824973999157 73.8958436119719 68.91426942667411 142.09927107566983 80.26958149356544 
93.69818734653116 56.35382349248556 118.01598942656275 52.11992464632783 105.01786724841746 
75.37118162803431 127.68371977268549 118.00595323965648 87.36147361425019 117.64897470866451 
72.7332766538456 33.853523339883054 136.3135076210838 93.63638219733772 115.27334783991577 
6.432884410320672 107.01835209883589 154.20607790489302 126.05345292306414 32.77699481174082 
103.05435936882249 151.9315486393092 74.57202997318088 82.98122110839661 140.7021765982137 
124.05345716649356 75.97755243741038 155.20348674869703 36.74556497237293 120.37715447906857 
29.7257249789656 125.75488386669733 120.23836130541595 79.89220814413207 81.61565886109156 
148.8732145149018 78.47234224063925 67.38943432013771 130.61432466096753 68.29497641235751 
32.81511298936467 31.14644826732931 97.70665387853738 57.329633369182496 25.967506404907013 
147.58019514826498 22.88332786582577 35.940297717186496 123.5612983319896 52.576432457898775 
58.69614074856636 108.38454489427059 96.0679314304235 89.48909184927483 65.82365402615741 
128.9212374022617 111.03526584645688 113.16393992817162 91.21596985966566 72.31072509067457 
74.80509108939411 101.39442914476776 90.46737632732584 44.52381318831986 115.24117648391332 
114.4062718618272 113.14185928411118 128.6241301323575 89.33771211890652 21.834610817883018 
139.70870643256714 25.30505291685836 38.64638676353253 64.31129363166598 94.20610631159906 
158.7328384424598 41.11871512274972 82.43179625034179 127.33632359480397 97.63048391198764 
117.74960894033505 57.23138865931378 141.24101064269482 88.94231492723468 95.67327131343994 
57.905549714938836 127.92224685202106 103.17768011284886 82.45882888774527 102.59277779432412 
132.7803878777234 62.67227991814945 72.46350293480592 34.04097123920075 105.77476158662145 
80.74432349051675 116.04236408137044 34.46145589131074 35.25100078920644 71.00617889596825 
121.87986245627266 76.37931049875758 118.47240433212835 120.88745123751458 112.89815168465275 
43.10849969133927 67.74746775898787 137.0126467147041 117.64388645061159 72.65465347036366 
94.59661274693977 160.55212545401756 86.1765080085308 48.08928902975975 150.13546779960518 
140.26251446575776 113.4842276235312 54.136544330967084 103.63524941903378 109.98838643134958 
131.76743575432167 124.37720719705398 50.941840627227165 188.88374982689675 79.54368531693582 
119.49998438355853 67.37938361847452 42.082723040606474 103.87534015541095 125.65132214283537 
103.12714660721946 75.60127923667835 98.4563998727782 67.43647109047225 73.4619168284669 
74.60049214923944 80.85530484925292 40.42870541729356 50.49600479524574 129.7040295851171 
108.94829935832998 114.03372163592181 120.58417963687542 99.7368964862555 53.35437773517556 
33.85065329094943 113.42442964224864 120.24809647097932 62.3707587346737 106.75424517744204 
53.821210066861404 86.05018684940477 84.82777400476542 133.09280902945113 75.44633635661287 
72.16113461630457 111.30463019625465 89.2872324385923 141.29982187000033 88.73029202150867 
115.96114295600054 143.56934980393626 30.98637490142416 88.0861809105423 42.00536067648819 
21.51272393474966 136.3415017595186 211.36058957035812 86.66591807339925 87.49843228068426 
90.85659366450821 36.02537493592018 86.35853528566764 106.41346271515825 109.33737036393724 
56.88458665005059 156.24013948478316 26.521518728561098 75.14752922058823 131.54250668610823 
142.0705763643662 72.891529612017 93.65096101503086 128.3400558704429 129.31032623301738 
106.31636694613121 103.1074583101711 98.59816202878707 116.49871574069296 86.88266832663204 
124.50030814195152 77.12521683772188 140.42440237033267 59.21024537560575 69.3713672432997 
100.72780362758981 39.21334242945631 28.115480108266205 45.743256952698786 88.95157704608124 
135.99531816389856 106.813003994203 163.7260049774696 68.60209081292882 59.01627429351906 
97.60241025038792 78.92877570307886 114.25850077784148 62.27952449720239 114.22578788658683 
77.07692036389035 59.777911412246986 68.83686848491821 43.52281597484953 22.659213168295253 
49.199750740333215 75.18348079946796 88.63587995206017 122.1125978150447 29.654167784875046 
40.263522256377364 79.45559859921978 54.133465608304014 107.0461549516882 56.43897770617774 
46.235756237169014 123.33072606796627 52.99836700708632 94.36940884335239 144.2695905211314 
50.87706264082638 47.69048365664747 107.43941658113258 74.68098147509072 91.42053789567713 
146.29734789120408 126.28161507402713 53.7582361985925 95.23284100089668 86.87774680534793 
78.7820307389124 115.66241144910566 138.57516755735858 179.03589530214504 63.876136676874005 
123.38837957031707 48.57484798363776 40.816946080884655 76.0782701815096 43.25832409548819 
153.37530048975464 57.88299987354961 92.82037115727967 61.54171801827305 151.89886563461738 
87.38523629100034 82.49212035196197 176.3568371696565 60.703717363726184 40.823170504016446 
100.2913341161949 126.95454282639498 157.2511067949454 122.89609123160719 110.39569945964236 
99.75500046786219 67.65462260026045 34.88032965288907 64.92402569827009 136.93619883358488 
50.326557486353146 66.62106840598962 95.82486682506185 157.02201854084234 57.82202515655063 
85.04231837783242 120.62578533998817 103.07412524061343 36.335059448676844 85.68749359283754 
133.2617382731216 104.61623098317 71.87293082456937 57.392447392940845 134.47724252599934 
139.35076990195822 66.88916024030395 126.88848084410432 115.75081667897318 105.20827969517181 
123.60698998990024 108.2967781088631 40.58047742362082 123.5879160509925 74.53618136764491 
109.48134954045445 162.13005501584124 116.94018093521052 138.35877554109376 97.70539761048117 
91.53010477540167 71.90084378368272 99.38125422030656 76.59694815471624 62.54309738582069 
90.1981877043422 105.89334497599023 17.542806588119323 149.68243975588956 148.3038559559605 
137.82548933417246 122.78461240124511 100.65666440925698 50.93980668716204 123.32169293252012 
52.083841664186025 174.03952899574628 102.90418539379527 42.9503842867631 134.84569629008732 
96.74221518213817 115.1247628236421 110.83935904227235 49.3156124166341 135.14133234054967 
105.78113521096927 124.35620159860574 89.4586612408542 57.03467854045479 15.059234130549838 
106.44853633363857 105.536587443277 123.59899104861384 6.00391390405895 173.5010877239858 
204.18297607380316 83.99730133544894 111.38266841627284 93.2100607964263 102.74070869968043 
119.14774744343609 119.07053603454682 85.62763538804957 131.87841915291372 55.4259090037222 
101.29390015262301 91.07432790377862 66.00778920168513 46.83854175871443 54.52194345622834 
107.43453598184334 105.72700891079414 22.657732032044898 78.10668805844713 132.3040803112797 
26.308607325263196 121.85641785423383 95.37269652580625 50.158367168221986 171.95376443124513 
180.81977707499502 119.79127647772422 116.20494917231485 145.8820248202011 67.73000307342777 
115.31161990696525 6.4676831343739405 57.58203553476136 163.58762783587528 26.09107435311258 
128.84493923112737 30.641926929460762 88.16064702073444 126.4086217806912 90.49500644458915 
27.922301686466145 26.247060847359595 5.174470787336071 23.13642161402764 68.30652421255226 
115.86713943133303 123.61957398513245 32.81918288794068 47.3537116900968 106.89720009845382 
73.79074467709356 111.19097838165372 35.21664661328738 78.24685652881298 141.2164535834569 
124.32163033275845 37.88806587499285 79.37163982461314 112.95144332580576 86.0774418018112 
50.75427158393331 82.96904389528638 125.08712581563562 39.24421409115174 67.73918439187257 
72.7567667467295 25.823022913607407 121.19376240688086 89.24000534598864 76.56616782597625 
74.09479075163746 142.70857217513472 59.74095757379795 106.49869909108409 110.51687734509034 
83.10942701946715 130.10142960679286 88.6836354130944 53.42296417774764 79.36770115526978 
171.45529220922865 122.28237848884403 112.88470953614049 144.4235323151686 87.21236250365766 
99.29796548979856 188.88911583138145 62.73644215365793 92.89773399527347 42.26502568547398 
129.34020334058405 119.0435697504184 74.90943567881816 114.7429264556105 113.94420235360819 
94.73391156286117 122.78903843252324 85.50885407479036 133.8639338435734 124.30095269109052 
78.69721619312392 87.19125340387582 83.10918034722866 96.30164413908014 64.31312506444978 
101.55242036324222 121.96176943048326 114.84808592326077 16.19930098916994 144.6273114762602 
116.85629636438091 148.85471694090037 89.32597578542997 50.41475996344566 157.91791412642456 
89.56538772140695 80.76745775004285 43.84751988425339 83.73448739138622 94.89472517891616 
128.23577490114477 118.06267733214727 104.36303727994827 113.43404901307602 105.85951279740588 
97.41254350023648 21.236919634343224 141.57548376781386 103.18383212405686 127.00488429487834 
71.38783705341557 113.06872223436696 120.02419590834457 99.57272411283732 80.72763041347615 
115.26579558214769 157.01429380592475 86.7324845436517 39.85160936813927 133.44125150057914 
94.65158031858081 59.18134345293604 140.4369485677094 27.626736056561146 53.285110344533145 
157.02061301283806 134.40309575586548 113.25237142192894 101.81942455174934 105.22486373416608 
152.33392408153534 47.493313170575604 169.71264540933396 56.94796358642365 84.00951561827338 
134.61793365834518 137.19313146898293 110.98661255160683 54.10377518855139 116.0512929628326 
102.10335357741138 125.1348381114975 120.75083473830644 93.99911048129961 116.53018360667859 
178.27497414634473 80.15219252735484 66.63884646351688 126.50472543205896 152.41872077014372 
34.27239509098245 71.96939225964202 149.8834213647392 95.17221638485123 49.506317232225506 
81.2768017531075 135.3888314180091 114.8546931485803 144.2180044295834 152.23593941642034 
73.00514519189588 6.219615578118657 54.64577054769331 128.3959830510629 78.08784405327683 
83.78817464391116 97.85779457551492 37.11071273904616 117.52765891427657 83.09624875676343 
184.90971469749744 48.80029149432827 117.38328600091307 139.58784386129813 100.36122123229006 
33.58451071257418 129.31225078516346 140.13639919895377 155.68874893562125 53.40609009451709 
66.13430001292969 81.48316105642807 33.74926341514856 66.07615652819447 52.36953545879596 
53.32662492245168 117.85897336777457 138.83862128889356 71.07080300511863 62.218478208746326 
70.37835793495171 109.6570025266285 102.427489144977 145.38539922096925 74.88208054764621 
88.48611066970267 93.03133387000672 24.120015504327455 65.43466371923515 75.86354892539343 
97.60068689119281 96.10330474615985 140.0448186924585 43.71677808794396 83.66539301387213 
47.13872835238786 131.96475785818618 37.61811131560166 132.0587295737794 46.08039600796351 
132.20527655610675 89.64413200031711 141.07730786090235 126.91845415502821 98.64132698260345 
101.2957046556691 88.04284960941992 120.28573870127437 49.58838866928751 43.984103873171065 
100.8642734217252 163.13230201031206 94.39391071699758 72.8227758767169 149.4081865655394 
114.12895636718972 82.7316720202345 76.71553793287634 125.94731405297912 121.15842819309849 
76.27891524482666 113.12151325932935 84.87502230788917 107.69138448296135 136.09628163105614 
108.62630319479673 88.5641664120745 124.18318020125747 111.05642056802799 136.60907099657288 
17.665286853736113 99.30084694062276 108.1755423336702 108.20416490031778 121.65280065384148 
14.447225133207668 130.3705740275221 97.97570732437795 67.5169385904578 65.86155283632348 
108.85720411426131 68.59314899382362 127.17181565861497 74.59452579421392 146.60894777584434 
138.0144187971618 129.73683630416951 157.75988646572603 35.848217174027155 122.32464342563397 
92.64018367417815 84.3433868516721 36.32441717842915 30.060132154381535 127.62463354058393 
120.07049703944962 88.13423184135443 136.78272720928595 136.66067497880985 138.90270821974823 
97.90752111325152 98.3251255898797 45.2476876491091 94.47130640824214 32.48620193753853 
126.14921492454464 62.55935743447475 52.52674494875193 14.586442626653703 122.80201997651801 
40.2379227053075 142.13147553165533 62.04196160664172 28.78598715765405 118.13279902092565 
121.73783948510011 93.7157831076079 89.06639977412098 113.47936156273471 95.29678642166121 
53.364097813064056 84.82291957926473 118.10190064055385 54.21953790670243 133.8596910807547 
119.96515601643944 89.03134329486943 88.43955098339819 26.259818972366904 66.28371783477456 
160.0127662036082 107.18087557437148 50.38202019752365 97.80748752209423 158.7260287162298 
76.78163735367154 71.57154862279855 161.71148691419546 129.37000512593053 137.77642810732115 
94.67606145429973 89.20564272631454 63.26049965283654 71.69341285872682 35.70407889863559 
89.24569457402401 97.26136439240521 72.8316117871177 139.22189307138672 108.23161997725884 
28.153543960752287 77.41510239973232 79.64009278433959 118.14867076005068 117.57663620415225 
39.635614034030986 72.35014421096162 47.27642031029174 56.49003640154617 103.68010947655374 
120.0808611858713 129.34654318309245 88.00239091306379 117.92023379582292 31.389190018221168 
59.29406445008665 80.37026868742507 110.56364821582771 45.5620582059151 144.85925515190402 
118.61417139956221 113.32412071931365 99.71483175579905 37.06429233009654 106.88026148853676 
65.54679246032222 76.1126836106896 51.49314239568043 83.43011764409975 59.19500243435118 
96.32239564433084 80.86948771549966 57.399526943143 68.91120776922303 78.05537981615471 
52.29528937765561 139.30015410259983 70.19394946704062 99.11106076954222 107.82712842094882 
129.823805374422 141.45669057590842 33.55213677775133 136.44138218152486 138.920978540128 
124.7232243431101 43.5657197665264 153.8619302234457 57.13037099425163 100.5585144495673 
64.2556923548413 109.20033158512234 36.59544033707408 137.28046444108412 18.40284549253788 
152.1820002832117 84.52630897013292 29.25219335924272 95.96227413228932 73.38147561298497 
136.51910309624836 108.10828141360906 75.47035939976028 121.13728254331835 113.12678086706983 
44.170512852957714 32.82204679107554 74.32895761911401 108.15155241981668 96.02263286302814 
157.3896202485523 83.5924179011401 110.91747859928799 40.58941014923694 116.64869503818004 
131.41280127141204 110.13037768431049 114.30682410303842 149.11065507072686 160.35740124968646 
33.27440038294918 123.88040543530802 150.96945720523334 109.44875492381883 137.357597306056 
131.83220841429565 121.24280345670873 67.35056618494086 134.758062877071 86.73471011368088 
94.68810347015885 84.53460882318494 112.12834743880433 95.4199116109366 81.23226554925122 
157.66409358785486 83.55839336679958 150.55227653740337 137.5487072418542 63.22730618695283 
42.95901025978136 58.391626328083454 109.99016587382653 57.16891512391897 141.12319711439272 
85.23101974892056 77.44959438330763 118.39382908510095 137.67806931971754 119.5886899099615 
80.8034564847423 67.33849671989914 121.90941309021215 60.23784940238774 94.96768823109511 
41.46377616339128 107.93340580602877 131.29937189971963 77.55529476234838 36.06227118877847 
129.43725855665738 139.53009243247448 62.98485486328242 83.23240720697358 145.29338477228126 
48.961000006474336 136.38355157604553 75.71406208656053 103.9797200135397 72.32255370793551 
53.43988192646436 129.00816465119027 61.6337760723874 124.24152320912107 152.94377157128014 
99.4648158233697 138.79661411176022 109.48964339988648 80.28438100179044 31.815150528709868 
44.86667321601756 53.64829996270975 94.44888534095452 155.99991344172972 84.26385093412709 
83.79640813620182 40.71991616231089 95.56434679679558 29.032077864646478 44.16901339989308 
58.11655803858122 121.74106012207723 94.31818163935881 74.63374274844195 130.67605514740984 
133.89973703332697 67.940944494285 90.80298330825237 15.927230985052333 25.553523636464128 
152.8658627404496 45.38554837722264 93.89138374818413 47.960962917649816 108.51874671782979 
71.6241902080638 123.50553474625264 69.64067467165683 64.65030741242231 149.64289549948364 
116.56723503267986 60.090835380547304 74.96431273049052 96.01114950047395 84.8192080578189 
106.45717229386133 128.98949886066902 50.56966300388526 137.9879121710502 121.98907485317233 
131.66924443826016 72.44190998493643 89.57072213477295 108.80592526983187 137.42230975981724 
82.63772746149301 71.99635241276535 106.61295180023684 83.01999480702639 81.27236845201283 
110.49515734147975 100.19104382016985 82.29471783564789 26.44389841369098 115.04213248918268 
130.79966523671035 68.04351123720474 63.78677558260561 57.575835266547486 136.02895809865717 
71.09252724427843 111.67895804554622 51.92114311184614 45.42776812391106 115.83607457726367 
164.4473760211518 73.43216777915681 129.45607100297232 116.39385099472703 91.16075740913003 
50.3918369976361 99.49236823397845 77.67570059426511 96.19160590732642 104.52755075472696 
161.67170414891805 135.86428852987606 79.79790097490032 133.37532307979842 10.506086892546628 
54.22599421050337 142.7378759813576 56.795948502095804 145.64635319468746 140.7923957437745 
97.51730912005104 78.40225618937417 84.26753585203683 98.97941721002913 42.95835927369544 
20.08843244868747 124.76562062078187 132.66680150557005 97.76615558107466 74.51732274370097 
137.2493899488166 93.7802380712094 126.61673426703805 156.18924328963152 106.46227431046763 
81.01130563387304 27.178924534007855 83.58668697377298 109.7089819503605 154.35248602275976 
124.35991827379361 59.1179134099844 118.26431676243152 57.60478838182629 97.4511510445757 
67.4697547842802 117.27093390425226 106.4151240868363 24.143692001052134 96.9122936154687 
114.83645895301223 32.047661611979116 70.15370064882619 44.53885398144076 111.15207446959862 
109.14563513453633 86.9371706515901 27.541312153105302 82.32542773435878 144.79133693008023 
101.85350775216399 148.23692598165206 135.23895688674023 111.12395174989412 85.79352600499233 
110.40974300752039 144.593651575066 45.591671808067304 62.61116588339865 95.85687848329944 
150.2555245342454 109.62800313909591 60.880994023433495 118.0841305286873 161.78495751417458 
62.902516344737755 123.16950803340353 90.0764642499065 80.17242582909533 74.30694980504833 
88.6445235900109 91.89908418673895 93.06713069782754 90.9170737905738 60.68315060228738 
85.45197113653407 141.65582927272052 65.22235489854985 79.46311711887793 84.81232189874244 
122.73420855822238 60.587430848811415 11.521539929755239 108.14308158701475 133.91354094976407 
75.37929434883903 137.21459726692714 95.87070950596143 136.77149950528104 106.85268444671568 
141.67209842122904 51.50539138623568 81.77500796045523 95.6462418379696 81.40350856770888 
86.2027858202046 16.342609284124354 154.16925841020037 109.71272747135657 74.51171836341845 
147.53054425727277 163.52514161062666 118.96972983362564 64.36518402683105 85.97422689568893 
71.56727955538476 91.3139154129618 138.33609541301072 124.62837625257157 117.74028016216181 
91.76939597463848 32.6624674031143 137.92380697549018 96.16493580548081 206.93999966084624 
45.73266406519524 113.43239485757587 97.92810179393028 150.7338867520659 21.08829989160438 
172.38058068628237 46.62964093941195 97.25695297194905 101.75247492737536 111.87075105409038 
104.55817285719087 96.74921063064579 67.72599442911422 94.16888133457661 168.07248974165435 
162.48136174963847 45.775645900992586 48.04498891362423 60.35471751408608 142.20043329384475 
96.16651485772823 102.6555149002706 57.58038757300836 32.573873620997276 112.09475936926438 
82.8916686821569 164.06468450926602 66.7113558549067 121.30620576310449 66.30230896031739 
84.42127234583589 135.16155775299003 51.59074529409315 163.71307152439826 164.28034346810944 
94.13721378926685 77.7394138676765 91.43892531930827 8.388679325638996 110.01535093525028 
75.13770278738419 67.5230059817063 95.20046990613325 94.67783804962745 118.59021473381458 
100.70431892179606 147.99064611253502 125.10105419352215 108.22943936443029 58.54460855968084 
83.17983647161572 80.12393639314834 75.8569149958284 150.8866770349212 149.33429408173097 
90.30698512573653 55.41662814883678 133.60372903551206 33.53288519609908 40.75529960074535 
174.32880464859338 63.4077547887239 68.33510496753983 130.50315565578975 59.22733694339345 
106.7334969497346 104.5038281748992 174.39333035832925 44.62115507488104 29.712130293607636 
61.235284601249546 73.81756703607216 119.60067302341706 59.786018286411746 70.60555730409763 
111.67142101804444 50.87195025026685 87.68245091627607 16.54624464359069 97.9354982014105 
85.50369986463612 71.67360827851705 79.96382557473173 100.38494171159437 42.92232504355025 
132.90600019698275 105.2390939741986 7.365579726395057 75.17191027687508 134.6275531069162 
75.2194549759559 137.0704222419803 128.0141404146342 71.21310502400868 131.59283830575274 
114.42886562950893 76.74748705087684 74.77238878066524 142.6208091971483 114.59500022433276 
38.798162245509424 58.19750794847565 31.979719259876674 126.12700649877435 85.01972310191633 
112.76162110960561 58.467689394442445 99.27125368917162 108.2823649383437 131.63585751567612 
40.51839700516013 55.99949903268935 50.92162902893435 76.15435998771751 39.332090930081826 
109.02912598028851 92.32574596149732 51.03578905734568 119.79547608037034 82.38119709308529 
119.43774738395685 117.53460014568034 51.18682268246904 91.082785674099 78.76982754123111 
83.50904190682623 104.65741288731351 42.81980684202303 40.901114263051376 36.47035457311344 
130.42403937265485 110.4550998443832 154.12399262295554 118.21116598407112 95.71361120253245 
60.36643332340706 64.66374958355013 134.58322736223852 86.03927134174113 79.28759392862852 
66.3313623592554 41.70798227107092 148.9661535429705 76.40148856940745 36.09503891561177 
107.75411831311726 105.7472147256003 116.59980472886693 19.6812552099865 95.53288046531422 
113.04358622899173 48.82659525892334 55.2252493491923 144.74700300342036 73.12227580522168 
52.65905964314213 144.3148506932191 112.56766952246231 100.93060118579875 108.44415747571158 
116.83610777054989 105.4063825722543 135.07333193491604 70.31152318739812 42.71117138290242 
111.24442186364202 91.26540441682896 94.2162627455498 70.09284317168216 86.91538236357381 
115.32919007988045 138.40097659433482 124.43950555101641 148.1674191748587 124.74936030397413 
101.857880779379 40.776521600425745 106.93003669088588 106.15004852401782 182.0046426369564 
36.19549695749461 100.57911414963341 137.98620561917235 75.1973381210654 85.41798952362149 
69.43251673506644 23.798352301485643 73.56186059243132 96.23363227566992 84.7970416851125 
80.8546566559934 117.36635621959822 65.60440563123217 111.10247284943685 88.6159234435612 
140.1639608560032 104.1631926504031 97.21363493011928 13.833361222640288 94.08583390719258 
97.7982932171185 70.24458216463489 70.48871975277908 70.53513155626989 155.57449901863083 
112.15606046868203 111.69158500588318 135.35118000377742 152.6194446277152 119.41609524333175 
118.98677400245568 168.6271179191811 97.96733990533042 147.12160328736954 16.940559915166055 
55.165447179371256 91.94531031482181 62.17680900876462 101.38638453194102 72.86515895054974 
66.93820025263024 105.40062296928822 91.77999034222502 117.13970416955978 50.208211882782535 
106.57979460249224 62.32289163915319 160.99134199914334 109.72076957024372 88.40820681407432 
72.13947160728408 116.24512976156049 84.31099474759347 106.72954197557256 99.43050208511448 
133.5761193486275 88.11983260157396 71.36829104037646 107.34199837614644 120.00702203358871 
28.58609756224362 103.86176823311939 20.366953161066764 91.8333747506132 81.92397761556914 
31.39339289118728 48.36206258413335 75.18218608768404 118.14670845673842 61.75790053545144 
67.11791189127625 151.0458873617183 79.6735721502027 169.46697187129737 127.13489391193914 
103.50227294721846 69.14289493487657 80.31415512163318 106.01492492399662 98.72148726467931 
117.16987191020662 104.57115642257936 84.8365441641291 40.16327049112286 107.71582082292072 
135.22151418007905 70.7188049345026 85.73335629375393 104.45868214820665 74.4890204248679 
79.80992686426282 102.52023216649594 130.98184435369595 133.21234383262953 50.54613129497536 
62.04980250285895 131.26297342597348 90.53186080790039 94.16829837100003 66.43339953855136 
77.60371921497267 57.23300270018661 127.67717981259598 155.42957619912443 42.05961707967499 
53.94045758293972 68.86344510889376 79.61806187840736 108.62808440078722 125.8482469087274 
150.826607434511 134.0424334565072 122.87436812523622 140.36510208280427 47.646461960677094 
79.67844709499563 108.4438582958496 102.44759390040595 33.63447950846813 137.9697645341382 
87.31704020524332 112.52924180671148 99.54406011539811 112.76708389847094 128.37315614619328 
61.19439516818501 21.68377791091297 119.63153848379612 97.93703205897503 59.878861508511896 
58.66826475409179 100.79916023025683 132.35480239861823 122.26972690494526 78.46707974399389 
92.16702273696403 117.00929053825436 23.350626644822203 101.84212169568775 94.763972369164 
110.813927655778 83.8747947015341 72.59440721697278 107.7296462764601 150.8543371122202 
115.10397151836465 86.04267053146454 110.95832174571055 97.26591623759307 127.7652174541894 
98.49816343558734 170.97639511333256 74.69122299577202 136.42688153403668 155.39942911812557 
96.22552448545032 117.88866613591736 85.69346189625375 83.25297137446034 69.64320583248913 
41.65755108620765 23.606921772131955 119.79135615003482 90.51265562562166 55.657322203491475 
36.636527527546846 123.6447863968594 20.048515448995857 85.04516310880695 123.67611430668416 
66.48572450158004 75.11543837076803 115.027326598136 86.3748077807579 91.78168692912307 
93.21477909281505 135.91631712850076 122.88561874408917 137.95611846091094 67.64648680203894 
81.69284948393432 122.66184282795693 100.15204490556062 78.88854695224585 179.63099867259524 
43.68187578606649 53.161302122571726 78.18767008872089 118.19675722707989 81.10357862876532 
126.93452132675496 110.09551763569776 12.737216587250703 112.62187559370909 141.472115721181 
99.01878864761241 125.3154157405314 119.80465529156886 86.59767136817563 48.86791906729463 
149.1172954779252 129.26018517679282 43.5122236787257 48.739367221577304 93.41982682561728 
97.85197704852402 113.05927874440063 83.14804601104557 105.67461278368725 89.47686593579732 
162.04743967262309 139.59352929925598 120.83500637411369 74.12498614920962 60.156714581071974 
72.51679138061463 86.93596634821493 166.90013277702224 165.138445247059 134.64484548395407 
138.48370548563508 88.86870480779424 75.36431361229751 76.27443416139263 114.84955418294813 
64.28399026941841 118.40547426874122 79.01031427376792 73.04676392139316 68.12732488652236 
118.30981879430166 171.0436371917326 70.14658373631991 118.85048111911422 28.988843706944746 
42.90464272484902 118.93735535346264 130.33399879771795 108.8288995341965 103.98332198001752 
67.77729323616103 157.05971291907483 48.639541527444536 80.92738239915944 150.0613587466436 
76.79643359550381 158.09093933836147 49.13585905047461 30.248065183278644 51.573495435756584 
71.7100809276993 115.7004527702543 26.202605416489536 85.05010898314502 125.06922638638521 
44.6756011031455 127.64247146844268 83.94397284536622 116.26547687342156 107.15650729739421 
64.88977615372046 130.08927973943517 107.60523923805205 129.8669917314533 127.49761696937894 
64.5553486863292 62.73045117111969 83.85893488299433 23.338035592685323 55.324134327856314 
58.23029976439152 58.64462591542661 105.62997520313844 140.02470295726968 84.61108940147349 
59.5126206345948 57.35781918350456 88.544932096648 92.01656090191909 23.549932772961185 
83.0355992559918 98.05084048727707 65.87192377770728 91.54644005023383 99.64041042111829 
82.5118680393732 52.81654785697958 113.23149897428397 105.345961468075 68.80428791657384 
113.9476298991109 122.27952836779846 67.64194038291207 96.54007966771377 75.12155460767086 
38.38533574166056 73.81439338055215 151.39160059149515 77.31885991539144 67.32406447039658 
41.188058929101025 95.04002492005955 30.282302114288733 118.57244958231081 111.17878031084109 
68.88464849586948 76.20464555046644 82.38043774470681 128.06727453428783 90.28306181117257 
100.38974829383726 63.294352743191496 69.67375473422852 21.74167752132 114.11062649049487 
6.49971744812172 120.50920293675382 183.81536132441045 86.08753629489833 40.81893911807759 
30.219964719879346 127.38282323414849 42.90544309426431 100.75350808281485 79.2139174780683 
121.67419951026875 116.23847139138124 117.41359602269613 89.66992181591452 77.7737322581043 
84.9965804104133 155.13987956487836 115.66229561624202 72.36000235508843 66.8786563365918 
77.9683574761943 83.76900517320945 65.14593383410248 43.08874169076919 104.39730866049918 
32.42983498606197 58.988188112583735 92.1435407327363 124.93520851689689 78.50434413298565 
156.7731323282347 99.00348818174857 71.55309428028511 162.7375983513329 98.72655188828489 
62.44976932422569 88.63172132616253 153.66100676489143 96.95466001495706 134.57796216152929 
89.26250052513667 71.57526524604239 8.300903565275318 127.78699803959576 63.962570767470496 
129.20551268705066 61.569876345519965 36.744359556041815 62.093991658241265 130.03970056009754 
102.35913756970376 104.62773039856762 98.25651152434102 107.7271918790447 85.44578731710155 
129.700221395256 16.522671891456497 160.9072220804495 72.45478342538503 99.9837498275014 
107.02175574110296 52.4270512533844 89.24351517057138 103.72096298137845 109.69885831661622 
120.65333216492614 74.6334925025286 102.56558011756215 51.404638528491844 85.76914376363949 
31.9586295075367 114.54213421359006 59.245148783009974 119.97107584660719 127.06292570499478 
65.95150917530242 57.724401657086155 98.35812619023567 135.85214877638302 211.69543587885565 
84.52877616528 150.1850300592366 34.635455594025224 80.63315756322534 49.877599293095564 
56.740761362533604 152.18599321426476 149.2015374097469 128.74318138189142 17.594698020958546 
69.49169534383616 82.13794812417197 141.08441721559848 155.51081090294758 120.72302312816235 
12.913507567115529 82.60966855532294 41.170438423704006 74.6242348922075 102.50727254404812 
137.58834979750276 113.4159018287667 101.97447581614365 116.9241845049404 90.43700478410109 
50.93845857993742 117.33561562549916 136.75781032603464 101.33400978181773 89.74061199594212 
44.345812936196886 130.17888986831522 77.10292372753324 79.37849481692291 104.81427025934968 
104.6000373358007 106.56156321843052 88.44491650523838 93.78262919358536 64.23058151722448 
58.08317253275716 69.1548467011939 20.719884398023414 118.72980314077066 137.25626617226007 
141.84761243962808 123.05955858314171 99.13652968833767 99.14388563684392 66.72546845481025 
138.57409545902448 8.619241400149404 86.5132359043055 107.24673209538308 88.62428585962387 
78.00027621862371 136.48180486002974 144.48559464120834 126.88311837680399 86.14275012123032 
114.33026296580739 128.46690572971934 43.124778163199565 66.15695790933289 87.62088846857206 
62.48781131148698 126.7005288287581 91.11333466590267 65.60746277366339 132.21305991150055 
73.97130046258317 95.03114974305848 74.84921509274497 51.473541201154745 115.09031779433053 
81.87094455605114 138.5026401799098 77.46070125393356 134.31087933481896 104.68481235835625 
107.320081334299 113.49635828504356 159.99787807234918 70.60999644266482 124.30937641661934 
24.829699957913398 108.33248675236074 67.1319319027222 155.59430725947874 132.66507100623264 
57.94571832490608 116.33113817834496 67.31348304760351 145.24923343525444 161.99746821101522 
169.78202473419626 117.39837769308113 83.97026805459032 16.573942097178392 99.91966080076759 
49.126962537058446 112.10875954599692 75.07770231728057 94.4017754920392 101.76030427739106 
40.653340350242466 93.06452117773354 131.1485193116837 67.54549907645175 114.66283290128321 
48.55217811797951 43.304764342920976 120.11223134027205 105.39019151048299 50.7036639114171 
58.39471976645146 166.27782099524242 31.44477317982402 108.25035639892289 131.41182477353942 
121.28989113745754 87.99334680322517 93.21742735596679 27.9728557462315 65.48687845668009 
148.3403448059677 185.05814271526353 131.88140768621105 89.17931155527829 127.06782200419157 
68.34500505037053 95.14591478821072 82.42719051100296 12.520629131403632 75.61210994507212 
94.93709858526988 71.7911689469917 60.46686800620853 114.44075699786738 132.7267365424345 
158.66205914875923 156.75389374151126 115.0273317904206 96.48956702741958 45.889931314459325 
74.57598044614723 102.44774321032597 67.44441883825648 149.39547613905944 135.95005325764967 
87.72065317570366 20.5603431194782 33.625272265235814 85.68466488807763 131.25977585458708 
34.41093346974404 42.39124700059707 105.00448527760564 67.607100923048 107.56947408522412 
144.60913689132394 128.29834323183232 136.70700420973316 99.58421609208241 154.1496335957132 
44.38887271033731 100.23339290222937 56.67383475179391 123.47612383549891 71.23450312630669 
97.1239037919567 70.9133084587774 128.36492580975957 110.23632559286689 68.95285471588095 
125.56208244247576 48.726779826555536 50.64085400873664 55.41535782358578 22.44618873860078 
146.53012991031406 98.54307896783071 142.92377338987376 107.00908783123141 39.339980510765386 
147.45867432620304 50.06286863860811 68.36287655735168 49.960504198151696 64.03098219260559 
59.879090824576934 44.479471039649006 120.89472166173235 168.91004057379365 95.16172903740208 
197.63598559048518 120.1089786633603 153.72789679410573 89.98787558043193 104.07624388142766 
78.79015293920706 108.39247061466223 98.10079220933318 82.46026446749603 121.20108511108573 
44.81666425439016 97.8405488714787 141.38957804967487 64.85397660208191 59.676338536169936 
70.04651311807025 24.542639470646808 129.9507028517281 101.7774008164449 97.20151897278629 
111.11740717772744 92.70192389705234 108.31654684085271 96.41660421719192 116.32074437651734 
10.69920141540738 98.0612685266862 153.1722751752187 59.096537208699175 71.05140541895035 
106.48693438700587 51.32237391957721 104.89503805359169 51.18269647146097 119.83844055360339 
69.79310981680698 153.75081600506138 98.77778925593435 93.24990083159346 58.862535245736325 
129.30655714558637 99.05268130378596 76.65861800072994 123.23497001223143 123.17810107681234 
130.0822124728686 56.66047791585473 123.13221233586721 31.315165251998014 111.67532429124873 
89.94758368433739 133.02839025860575 173.14133634964566 110.44572177855326 85.74122997300935 
209.0402718600865 121.00372105932973 99.03679045846664 62.3487092499829 176.28023124144738 
60.78334864838344 74.04321713345676 69.49832802718551 112.06250655281286 108.58225970020537 
105.49136957634913 55.242854773013235 119.60030799905732 116.43140456943937 50.66604247117438 
