749 280 926 873 897 788 41 114 324 639 
869 606 325 404 323 107 626 695 744 605 
90 352 481 543 648 613 976 990 67 721 
132 733 149 959 667 503 837 269 710 274 
120 874 944 929 886 919 2 389 349 242 
141 755 884 531 599 63 752 926 642 662 
684 934 693 650 150 736 281 488 430 575 
493 815 178 823 125 762 108 305 303 590 
120 488 579 799 730 779 667 295 478 905 
613 780 565 755 824 932 771 162 866 468 
594 217 133 619 263 229 335 617 77 685 
663 882 767 125 452 166 662 690 619 176 
631 12 798 418 960 399 467 488 715 478 
47 546 447 443 582 146 598 1 717 248 
110 894 301 153 496 417 110 710 94 719 
641 640 889 331 597 983 355 223 968 941 
405 728 259 3 630 857 820 326 279 218 
195 423 770 590 628 29 726 281 952 733 
476 729 554 894 82 994 705 192 895 487 
340 87 41 274 177 504 296 361 35 8 
163 730 783 842 393 758 989 852 729 923 
770 335 143 134 205 527 675 195 922 928 
254 71 690 253 998 526 461 836 791 500 
761 714 14 59 589 973 509 304 601 880 
672 585 270 852 341 580 523 681 718 480 
800 677 851 941 610 271 508 38 754 865 
955 632 764 732 771 689 895 268 89 261 
49 76 924 710 781 761 74 826 741 321 
496 914 614 915 285 725 307 841 834 78 
716 853 931 992 555 5 979 314 767 75 
473 110 392 593 376 333 894 853 140 939 
777 448 10 127 927 565 334 304 79 323 
431 992 117 861 811 506 628 122 360 692 
961 204 789 749 316 320 70 230 586 444 
544 740 217 668 864 644 106 89 763 879 
324 877 770 550 675 216 407 826 143 87 
930 313 633 841 720 963 870 814 836 42 
679 496 290 126 278 701 223 571 536 42 
673 724 115 998 221 655 93 289 395 184 
644 975 683 664 595 857 234 569 106 161 
579 453 927 746 842 573 841 317 283 786 
241 185 506 607 700 640 723 329 627 645 
477 378 412 689 7 588 924 113 597 95 
991 69 14 986 256 20 530 751 255 232 
454 261 720 472 477 589 20 548 761 315 
583 707 993 710 157 849 710 308 214 596 
113 419 804 297 231 296 72 386 285 227 
874 648 589 81 390 35 90 26 915 703 
707 281 532 897 464 131 265 221 275 603 
433 821 525 211 217 417 148 305 96 729 
444 246 924 653 420 20 25 425 915 221 
35 925 875 282 277 163 434 585 41 649 
740 57 950 241 652 757 546 112 238 212 
367 405 105 17 299 84 415 630 108 421 
725 67 49 602 370 797 805 791 278 377 
435 100 172 240 806 99 893 567 954 329 
329 694 698 131 753 677 503 116 834 311 
982 852 237 889 935 986 553 988 303 713 
60 821 637 144 141 894 146 912 459 64 
463 82 312 445 713 173 119 477 472 476 
708 200 415 503 29 673 571 927 176 681 
614 262 260 339 465 486 983 97 714 46 
69 848 360 425 326 797 75 603 601 448 
684 327 84 538 233 101 587 835 835 367 
361 192 502 414 114 951 54 499 758 645 
62 677 643 932 714 570 248 422 780 316 
984 622 568 986 385 269 270 699 401 272 
684 600 825 660 739 548 825 658 851 773 
509 800 350 558 674 792 525 713 570 863 
296 445 527 367 406 571 464 824 618 152 
981 352 863 522 622 361 402 651 42 449 
588 878 227 959 856 97 352 582 326 958 
179 724 770 180 472 731 96 834 818 296 
569 925 115 348 186 890 74 261 309 295 
340 984 804 669 896 825 709 661 130 887 
820 727 985 863 441 45 789 300 962 642 
139 704 546 397 846 759 590 168 251 890 
101 981 819 547 556 717 914 294 205 310 
606 762 561 111 550 860 809 989 491 957 
416 741 988 719 171 92 909 611 427 438 
969 141 786 463 403 960 384 755 156 227 
40 283 845 606 837 763 399 994 177 789 
0 506 484 49 353 477 75 674 915 119 
625 758 716 879 566 626 420 432 571 504 
365 120 539 334 313 104 31 702 881 276 
946 637 334 589 117 264 653 760 731 148 
660 354 687 710 891 625 144 751 634 710 
133 439 320 453 603 282 855 283 230 43 
469 713 83 533 966 848 315 623 679 54 
556 10 600 110 687 545 228 901 540 612 
756 812 473 937 28 228 80 848 414 248 
23 835 970 970 645 747 835 338 104 998 
359 437 91 512 483 342 785 714 527 74 
56 69 571 976 818 591 557 738 357 261 
255 814 203 597 428 38 243 248 849 852 
851 234 918 433 23 999 472 968 397 673 
937 958 826 723 44 345 499 171 978 219 
349 783 312 405 828 3 968 275 718 688 
603 40 625 996 419 978 66 92 934 639 
790 261 294 287 746 667 681 231 845 547 
340 963 120 359 97 246 960 535 989 635 
381 645 297 96 458 266 505 780 716 39 
151 382 722 983 438 142 339 760 13 10 
362 912 328 764 779 327 8 115 805 494 
440 690 559 95 590 566 822 371 225 69 
340 280 35 755 925 601 378 507 234 55 
919 531 469 751 449 870 74 637 909 251 
463 415 637 583 375 154 448 129 454 298 
99 283 151 564 725 97 235 767 222 100 
951 979 800 408 523 440 995 368 259 255 
800 253 658 751 725 787 859 346 733 38 
254 708 917 226 667 579 473 219 83 894 
588 524 921 23 238 438 574 101 392 642 
354 538 564 750 296 217 790 863 822 443 
269 401 605 112 555 292 689 823 377 131 
387 32 541 815 713 948 395 33 488 462 
756 811 358 784 357 11 803 398 53 91 
591 672 509 231 57 153 160 112 833 906 
294 308 256 58 770 904 17 263 45 459 
893 729 515 736 455 702 718 439 415 679 
402 53 16 194 956 711 949 211 107 226 
211 30 650 610 286 144 706 37 523 151 
673 551 327 652 54 930 59 863 97 740 
741 168 858 523 773 121 346 296 782 130 
681 418 299 944 357 340 200 582 127 783 
989 347 989 563 320 341 372 128 135 0 
367 939 836 149 991 795 406 605 447 767 
941 505 176 100 786 855 133 642 795 216 
736 508 333 710 809 14 611 542 177 22 
91 46 310 177 219 686 462 304 943 405 
525 643 561 258 708 484 875 850 15 329 
512 940 903 180 211 616 305 384 713 641 
349 175 683 836 849 774 809 935 907 863 
841 75 956 53 877 256 525 994 562 381 
216 55 607 15 759 200 787 118 556 205 
607 955 130 7 11 800 310 762 728 135 
794 75 14 259 696 363 403 947 273 275 
604 603 709 820 604 68 724 185 791 662 
508 364 855 377 294 174 560 365 363 821 
928 168 843 347 153 789 977 777 875 740 
363 328 977 523 497 34 807 473 0 399 
629 300 654 396 78 148 621 824 508 88 
479 348 614 383 199 555 697 747 787 31 
151 328 80 953 961 401 963 551 598 776 
284 379 586 514 864 957 675 407 797 773 
340 693 245 534 397 793 797 699 692 612 
192 988 264 108 449 788 393 49 533 579 
846 239 147 393 553 906 469 424 127 555 
326 322 645 521 375 25 913 854 879 289 
364 64 867 828 824 989 40 468 512 76 
666 800 672 905 717 564 99 899 833 57 
332 587 910 592 72 900 919 901 343 585 
815 121 262 245 653 514 74 891 102 946 
375 359 250 248 863 694 903 995 221 45 
741 534 853 980 263 787 326 416 477 825 
692 96 793 236 297 231 671 743 820 558 
678 810 666 242 974 616 330 760 107 493 
90 638 865 460 782 85 250 838 368 105 
979 673 692 824 441 885 57 471 525 578 
936 502 50 377 149 406 736 50 629 93 
911 748 541 387 170 569 685 374 375 255 
136 985 281 778 711 873 874 350 540 120 
459 312 956 402 832 494 509 535 167 994 
884 772 949 69 72 783 278 508 754 884 
554 55 725 293 57 443 157 504 912 597 
329 328 549 732 660 104 234 424 350 951 
371 681 9 508 720 537 125 597 587 138 
545 187 607 565 658 197 291 642 450 87 
542 227 326 308 124 764 38 761 389 345 
92 352 906 805 701 549 289 608 297 922 
661 372 337 676 942 947 840 30 25 569 
817 787 842 641 125 19 217 557 223 991 
670 614 579 340 555 536 671 285 673 713 
189 920 189 896 373 443 700 649 584 506 
869 263 695 554 450 452 846 739 694 601 
400 274 220 804 111 642 864 219 328 353 
179 539 759 92 331 918 455 895 83 594 
515 825 741 837 259 625 499 160 908 682 
719 488 40 329 989 523 320 666 64 419 
264 25 907 215 808 700 733 772 690 479 
710 146 605 175 367 799 759 151 603 975 
823 438 161 92 446 723 103 842 626 980 
843 457 321 473 269 387 887 324 761 642 
833 563 571 737 117 642 696 262 445 170 
832 764 175 356 599 503 312 730 114 652 
446 755 472 743 531 546 731 433 999 823 
833 782 407 376 541 920 860 688 367 990 
124 999 640 779 294 877 50 779 938 32 
143 892 381 589 278 929 88 132 750 826 
313 12 494 116 615 44 579 187 954 237 
546 188 717 301 449 204 356 743 832 859 
806 229 931 742 826 632 883 579 685 935 
922 795 438 602 578 317 784 407 605 720 
121 834 435 621 114 835 826 232 236 410 
225 177 710 704 35 32 991 647 703 466 
913 425 382 169 900 650 82 348 938 593 
599 130 850 346 318 454 281 612 160 813 
560 321 159 800 525 835 856 516 0 145 
864 221 918 878 693 515 455 459 356 972 
241 600 208 170 258 252 303 646 227 700 
260 108 502 713 825 349 742 571 132 523 
263 662 780 227 22 296 803 953 566 757 
364 185 24 304 849 989 161 405 120 734 
967 411 500 639 769 156 382 603 318 950 
622 622 171 342 575 136 856 124 948 629 
153 649 828 9 487 992 440 542 988 257 
420 308 684 244 549 68 122 491 795 581 
510 736 781 523 745 112 666 896 274 68 
329 820 259 74 592 226 659 779 328 605 
342 28 974 691 98 328 185 444 373 847 
5 975 261 272 396 435 519 0 395 918 
177 869 873 911 85 300 15 439 703 822 
120 357 16 251 302 131 213 311 384 349 
136 213 473 778 457 134 772 190 643 47 
499 200 889 535 722 977 612 167 919 185 
602 670 709 140 815 53 630 57 683 98 
104 978 198 413 233 979 897 493 891 314 
705 393 336 47 981 656 654 91 583 364 
504 242 867 311 552 436 465 56 344 459 
815 990 796 251 382 734 843 369 132 553 
638 761 977 711 854 902 519 64 63 763 
14 43 117 196 441 391 849 941 573 933 
287 761 712 2 805 802 57 322 139 841 
284 104 146 920 928 483 349 779 639 265 
877 449 560 440 150 447 353 380 332 277 
798 835 689 938 950 931 64 127 716 182 
881 932 610 647 562 836 460 199 579 204 
374 685 293 564 748 974 418 500 445 516 
919 896 989 564 341 399 155 974 105 754 
350 905 262 634 130 750 134 462 610 150 
851 712 526 809 494 602 292 183 621 635 
829 258 135 880 5 833 320 131 679 904 
377 199 887 846 651 951 707 652 38 555 
63 170 253 285 770 309 723 526 161 937 
304 280 701 610 837 448 884 551 212 921 
275 944 839 907 255 889 481 783 186 713 
737 871 209 896 810 495 53 239 32 643 
18 37 546 48 110 525 917 987 431 693 
975 687 882 690 815 207 34 687 581 638 
354 680 975 540 733 428 252 180 116 382 
83 257 684 364 862 839 455 487 347 132 
831 960 862 554 298 820 471 343 862 523 
120 266 519 636 204 795 188 844 445 402 
10 220 905 815 223 930 551 469 684 994 
512 406 534 410 567 585 688 188 818 675 
150 458 594 293 532 805 452 25 132 696 
803 530 300 713 52 626 667 336 534 134 
676 245 381 146 883 656 935 105 208 404 
66 680 903 892 811 196 823 508 71 990 
376 164 654 987 239 6 831 942 93 843 
95 122 55 651 90 326 770 831 697 951 
755 192 871 18 905 171 711 621 503 284 
141 446 959 686 122 571 691 934 165 160 
591 351 412 783 622 749 813 717 862 265 
799 511 527 661 632 717 916 51 368 550 
858 70 553 668 783 163 482 960 475 731 
908 973 124 2 316 477 675 772 283 505 
768 565 950 650 957 966 694 348 261 670 
188 65 922 676 615 916 63 319 665 658 
36 8 92 692 435 385 119 725 24 939 
909 247 511 56 903 777 148 59 83 817 
254 791 838 486 343 735 915 932 724 675 
901 856 449 615 39 828 438 341 493 834 
774 670 65 185 4 387 791 988 602 187 
123 604 711 614 832 814 706 182 440 424 
457 678 987 357 262 333 147 826 148 422 
465 16 625 983 728 699 947 931 821 686 
568 393 764 703 256 739 245 612 672 648 
571 475 83 432 866 305 598 124 750 63 
424 905 37 376 644 404 759 272 418 398 
54 408 321 351 837 344 186 454 680 540 
43 102 351 171 735 176 355 890 724 344 
206 973 335 144 595 750 782 481 401 234 
700 695 657 972 808 680 157 367 854 92 
683 184 792 870 476 418 517 839 723 803 
932 191 798 332 693 562 218 616 26 301 
541 707 965 865 356 779 27 49 989 813 
714 44 319 994 943 598 939 897 1 396 
243 706 55 99 762 972 676 352 583 98 
468 994 375 591 60 852 591 527 149 276 
66 755 863 313 984 98 475 254 203 934 
687 789 570 695 536 118 620 952 273 783 
390 851 844 59 752 747 791 610 195 924 
798 90 122 911 161 867 509 270 388 395 
920 559 884 843 790 425 536 346 819 496 
641 365 459 805 673 520 166 490 3 671 
493 544 205 456 977 953 558 545 595 881 
437 744 915 64 562 175 551 100 932 441 
47 525 727 211 79 33 424 879 523 659 
140 583 830 469 315 65 203 397 170 789 
457 973 735 981 732 890 311 630 253 652 
297 640 229 418 938 135 793 287 24 60 
950 494 492 538 970 154 958 160 726 915 
813 163 733 1 152 515 39 494 516 690 
12 254 381 555 719 635 248 490 815 669 
620 307 613 893 733 826 572 612 381 749 
360 418 622 109 853 47 391 647 764 354 
945 355 336 422 651 520 181 672 399 67 
792 209 623 106 217 322 287 90 545 444 
647 810 711 122 414 770 765 248 118 172 
927 295 603 903 74 988 999 556 145 770 
718 271 267 868 788 998 698 303 543 572 
802 80 195 872 774 709 504 604 664 16 
902 181 722 919 673 331 184 719 911 39 
611 637 897 921 215 128 588 153 481 32 
45 1 525 440 891 378 944 469 356 771 
482 911 588 794 192 831 709 325 726 358 
457 670 208 752 501 338 439 168 280 10 
835 948 276 533 410 727 764 249 788 64 
341 567 618 312 600 115 40 262 979 210 
666 58 625 77 352 784 238 365 77 192 
637 536 576 125 66 675 194 392 389 392 
165 777 315 929 775 265 117 707 916 461 
601 161 688 334 780 34 43 791 691 974 
893 322 282 665 235 36 239 421 980 987 
246 92 952 389 607 852 202 132 648 429 
37 222 75 999 90 533 499 630 661 126 
664 63 871 755 34 16 910 8 201 199 
84 160 549 280 19 933 315 867 681 94 
882 135 448 548 356 546 646 642 158 178 
677 762 964 894 105 410 985 657 546 362 
461 534 376 294 455 200 470 816 32 630 
974 639 213 331 786 643 474 354 311 559 
145 173 183 621 818 25 238 130 218 262 
581 485 341 468 913 964 116 499 771 802 
871 267 301 213 783 50 846 294 906 806 
562 56 380 633 74 140 151 512 931 521 
320 822 593 656 205 427 970 461 383 877 
644 238 54 761 911 108 221 702 639 885 
740 125 704 785 931 392 846 102 356 760 
174 21 717 663 980 999 251 167 311 201 
255 727 679 708 929 215 66 525 844 484 
477 630 219 893 45 220 629 571 136 749 
265 56 944 213 102 433 446 954 10 534 
68 228 7 426 603 136 244 220 569 693 
951 456 398 146 738 814 31 471 437 365 
240 380 496 877 721 809 796 396 473 286 
494 687 534 337 466 112 786 460 366 110 
921 41 489 425 984 114 751 576 626 956 
292 815 428 893 436 528 887 683 308 126 
427 826 503 0 202 2 843 377 612 629 
576 882 981 828 181 788 371 997 876 886 
611 174 93 804 955 15 186 81 959 106 
65 221 498 60 937 706 681 2 973 583 
565 814 814 845 50 557 522 955 612 246 
359 528 169 919 705 138 445 403 344 416 
71 763 202 270 981 709 75 454 927 231 
233 410 699 489 6 501 211 332 394 302 
312 457 704 478 715 129 680 300 237 615 
580 16 927 796 192 539 76 828 772 477 
119 167 115 526 177 781 808 889 851 977 
510 19 552 898 278 424 784 973 111 385 
267 187 522 918 462 408 764 185 743 118 
499 121 255 90 886 438 498 623 654 842 
86 360 776 867 834 902 683 353 186 54 
371 744 491 812 705 244 616 795 414 536 
782 47 784 55 586 833 544 910 958 804 
64 451 108 164 24 347 561 679 46 613 
838 495 386 143 202 79 568 306 816 400 
774 365 762 514 693 717 502 448 318 321 
872 109 149 435 535 878 240 343 908 49 
525 260 487 1 532 440 729 520 175 447 
372 939 188 590 48 625 469 820 198 45 
894 14 232 249 115 221 237 118 230 504 
825 239 281 471 228 17 811 804 731 301 
412 747 818 113 910 841 964 603 488 17 
197 255 614 246 360 33 251 529 374 18 
768 314 682 99 158 726 587 537 634 33 
285 618 98 434 815 253 511 595 423 283 
356 896 155 988 728 443 763 387 603 587 
452 33 357 668 267 667 576 627 256 988 
923 650 213 142 339 659 922 60 383 972 
707 402 833 551 937 241 251 13 5 670 
247 789 338 281 611 920 114 592 657 713 
179 723 369 686 973 313 246 17 277 36 
915 972 844 366 867 851 468 668 699 113 
75 583 68 312 959 384 715 855 642 862 
452 429 28 30 2 811 686 582 566 693 
25 332 201 943 794 293 351 477 379 506 
836 99 819 758 230 550 708 126 714 472 
769 433 275 719 203 442 58 90 309 867 
410 744 974 130 106 400 382 462 230 977 
248 622 597 742 362 221 153 888 388 656 
353 708 42 609 135 104 874 425 150 705 
798 386 943 132 314 924 368 305 409 226 
454 235 734 868 28 227 910 881 846 335 
179 796 138 988 688 567 104 554 473 709 
15 642 437 355 948 430 106 230 380 793 
280 814 583 331 326 878 133 201 817 503 
198 721 196 944 123 948 877 197 849 603 
631 734 5 223 497 982 246 958 389 995 
896 318 148 810 488 957 813 801 466 637 
471 418 923 250 529 251 874 236 913 987 
393 348 762 998 24 651 460 870 189 698 
356 328 800 477 740 328 991 920 495 403 
355 633 236 435 744 682 483 998 809 242 
241 287 461 916 447 750 129 715 194 313 
886 208 631 691 184 997 59 673 26 738 
866 592 548 397 520 320 615 208 525 124 
724 374 503 42 744 27 894 562 102 230 
479 465 592 2 441 242 512 896 905 332 
86 68 676 499 895 381 96 102 248 703 
318 998 496 117 132 950 609 183 220 194 
548 822 878 160 19 77 656 352 14 733 
374 299 416 24 733 354 854 618 178 885 
431 426 31 631 129 257 387 917 336 387 
930 694 641 866 882 672 753 370 212 165 
225 34 97 709 579 273 418 135 733 54 
1 278 217 210 610 13 680 138 164 280 
319 687 584 239 198 6 404 14 373 129 
64 633 305 817 893 744 705 522 113 687 
433 288 786 856 912 449 732 288 812 44 
775 249 917 125 337 678 983 198 350 775 
331 884 358 283 366 48 42 577 300 927 
769 960 589 625 433 24 256 372 314 225 
160 737 11 109 16 396 693 928 784 828 
985 416 904 734 939 159 188 58 532 78 
611 453 362 303 162 737 404 364 927 435 
9 773 940 992 78 905 516 700 403 636 
679 219 836 748 602 416 471 269 861 450 
932 665 229 501 455 264 412 219 801 627 
303 679 925 823 217 152 209 855 246 79 
736 925 31 414 193 871 490 862 575 838 
86 172 898 594 340 885 991 295 407 695 
934 226 819 304 685 92 923 614 702 105 
468 330 784 469 576 875 170 981 113 578 
287 766 175 77 236 165 499 850 515 542 
734 84 950 923 179 593 446 968 176 488 
589 19 850 326 985 450 832 408 540 885 
987 608 122 465 723 924 874 778 922 66 
690 246 977 727 9 654 898 97 604 480 
945 151 941 544 247 934 244 452 956 994 
102 882 179 535 293 201 918 662 56 387 
230 284 350 778 283 169 962 955 228 861 
985 425 92 678 435 731 935 565 186 62 
565 632 38 37 215 656 329 407 837 213 
283 569 190 688 444 766 541 317 160 586 
858 343 146 690 838 709 171 599 513 782 
550 223 210 606 409 184 324 719 820 428 
272 248 949 814 108 98 455 981 332 739 
578 686 156 694 673 298 756 154 580 962 
698 568 925 421 675 726 648 189 473 870 
200 915 77 901 850 122 271 840 785 208 
874 969 555 782 166 53 655 910 848 467 
220 364 519 441 579 775 526 506 341 796 
611 415 542 920 660 945 256 152 748 620 
558 502 577 665 354 86 16 67 251 510 
836 557 116 366 836 521 187 850 321 448 
317 743 322 812 36 935 351 904 457 42 
750 457 969 261 297 446 389 844 327 384 
338 715 313 208 519 684 863 266 123 282 
672 158 393 407 825 733 418 61 91 529 
918 889 806 171 985 986 492 738 573 319 
810 248 262 191 968 935 169 16 346 409 
512 18 674 945 470 480 897 75 283 246 
120 424 652 592 386 569 176 341 206 232 
22 150 950 538 790 445 637 276 896 842 
735 656 7 260 436 202 763 279 149 979 
148 54 20 856 846 149 165 521 726 296 
309 968 137 9 281 578 253 432 117 542 
786 560 147 827 282 300 202 385 557 946 
161 774 598 967 876 300 121 593 699 8 
340 103 574 986 400 578 28 181 972 989 
985 201 237 775 73 76 390 889 718 108 
689 101 269 406 368 251 924 242 464 504 
869 213 9 663 597 560 172 405 672 169 
777 630 814 982 778 378 995 400 322 520 
291 656 464 237 608 690 53 967 966 207 
82 384 379 845 250 999 560 899 816 553 
278 550 981 726 0 859 179 918 430 743 
117 457 277 113 850 756 319 979 663 688 
679 138 831 400 871 510 855 946 845 817 
974 760 938 488 358 867 277 753 657 472 
761 94 115 996 764 529 299 905 215 693 
546 101 510 535 596 264 665 562 131 660 
822 808 437 463 690 378 766 198 514 814 
444 37 861 811 278 704 163 315 103 491 
175 254 21 979 334 438 657 286 150 750 
998 246 109 132 799 9 152 193 111 683 
854 354 819 613 912 724 660 901 827 808 
281 538 699 224 82 322 813 998 651 12 
166 614 766 777 947 225 713 948 910 994 
153 207 16 134 168 101 203 153 668 291 
714 115 740 358 305 746 699 114 38 981 
400 888 896 436 32 797 14 118 970 790 
755 456 96 199 760 848 41 996 143 901 
918 35 544 86 898 880 306 606 198 868 
581 165 454 295 99 652 958 46 904 703 
132 655 232 303 844 687 387 101 508 87 
547 830 182 816 832 83 838 787 739 79 
587 682 109 323 876 736 191 669 856 197 
376 892 623 877 698 343 300 130 685 315 
527 857 603 695 675 536 850 270 354 173 
119 894 735 762 130 133 535 844 158 296 
321 8 487 151 424 904 342 691 199 971 
867 88 57 454 55 173 441 548 802 886 
298 149 856 421 795 388 431 116 577 910 
290 46 979 422 33 682 478 923 869 157 
452 541 4 681 498 663 713 54 131 633 
322 727 104 451 749 989 435 559 788 431 
864 59 516 903 975 349 673 120 984 755 
435 891 408 463 853 453 389 593 477 132 
29 223 730 690 605 257 748 743 832 72 
816 171 350 797 163 768 627 706 911 544 
573 181 121 133 596 720 579 288 105 394 
248 422 4 233 132 821 97 867 688 961 
428 494 168 817 77 950 823 765 611 350 
888 648 331 357 270 503 742 898 432 106 
95 819 560 345 553 674 451 685 96 8 
875 480 656 31 836 40 203 220 521 15 
623 617 740 715 332 967 743 581 182 550 
928 563 481 526 949 563 136 407 539 641 
986 189 742 655 150 480 56 103 447 56 
928 40 591 594 831 15 993 945 871 872 
8 616 131 205 195 261 37 773 520 959 
62 217 241 171 799 322 179 253 661 495 
497 882 33 525 351 254 935 518 308 52 
234 18 610 190 858 143 301 599 920 312 
814 66 82 386 120 160 849 904 258 480 
623 194 219 667 483 340 237 50 363 878 
824 39 269 45 992 377 686 380 1 726 
785 339 881 128 7 988 492 567 488 186 
677 384 480 138 283 600 922 258 548 798 
674 828 968 545 279 748 618 870 991 465 
853 61 306 541 713 416 138 98 489 348 
242 677 529 276 773 745 820 563 856 866 
828 43 132 144 994 384 301 591 537 518 
431 160 316 665 28 678 103 878 704 895 
101 492 40 926 211 416 548 737 944 898 
384 230 296 719 806 898 104 461 676 452 
663 276 282 676 142 255 127 277 413 787 
534 595 84 576 823 899 966 473 920 214 
83 328 200 269 348 21 103 684 342 811 
920 932 269 566 164 563 754 626 10 270 
362 154 797 302 14 21 179 169 992 502 
88 520 186 302 99 747 872 610 301 150 
128 964 217 903 691 164 447 710 12 777 
20 83 969 485 550 392 134 273 694 881 
968 646 780 24 951 771 999 345 338 353 
732 310 881 301 391 890 831 311 683 97 
104 934 928 119 212 385 791 759 184 370 
769 940 729 944 716 562 777 854 879 475 
263 246 984 46 389 917 167 637 425 416 
242 422 20 456 621 456 848 450 401 925 
31 931 972 98 696 385 420 420 967 654 
380 242 761 334 793 662 345 649 803 495 
144 4 297 306 900 583 149 439 886 102 
37 183 582 906 971 510 616 763 508 989 
745 432 265 583 822 106 405 106 559 899 
818 757 367 152 521 289 165 67 141 684 
779 87 254 845 258 483 552 168 103 17 
730 145 714 215 166 907 710 362 437 435 
835 865 324 428 506 344 174 736 927 113 
527 15 679 355 977 933 424 415 6 105 
437 935 674 629 417 538 755 860 483 846 
719 23 572 573 171 818 628 570 390 252 
285 20 93 247 52 383 614 930 400 757 
230 823 98 941 266 910 768 909 994 447 
512 745 765 275 538 230 846 242 231 924 
432 6 562 186 355 212 738 966 811 182 
14 389 862 412 629 474 225 204 599 615 
565 561 26 70 237 948 657 963 833 841 
310 874 485 171 242 271 228 523 125 755 
721 899 185 842 555 999 8 967 520 884 
282 60 425 595 965 656 20 333 13 598 
323 759 904 840 59 148 197 648 807 18 
623 585 159 467 575 949 636 706 536 59 
962 145 773 334 264 720 806 41 829 929 
443 167 82 486 500 421 508 624 897 735 
465 891 907 723 957 126 503 115 533 898 
173 161 127 341 155 927 643 361 334 342 
993 443 298 281 755 994 999 208 379 487 
991 658 935 638 438 256 599 152 152 342 
64 612 519 634 196 616 525 199 50 214 
259 402 743 561 184 874 856 565 981 451 
808 199 454 986 346 208 201 368 529 87 
635 413 829 691 902 575 93 312 149 945 
754 346 11 832 154 929 145 994 975 270 
316 350 819 417 26 221 981 680 779 568 
68 209 334 457 935 191 389 57 633 549 
808 28 915 569 360 152 229 559 905 731 
992 555 808 314 338 650 920 987 474 638 
644 87 369 207 929 60 246 441 19 721 
552 715 362 669 556 292 126 446 742 587 
409 465 614 738 210 868 117 750 808 690 
276 809 756 943 886 322 81 348 126 273 
307 517 670 708 602 50 4 87 855 353 
424 858 614 893 427 913 825 190 635 19 
664 872 791 349 644 267 289 105 143 817 
421 281 998 833 84 402 827 137 520 48 
670 987 262 646 802 905 64 786 640 678 
799 449 498 281 547 543 377 738 57 178 
259 514 323 355 285 394 112 570 595 522 
901 765 323 368 484 989 227 182 912 489 
44 135 729 120 471 71 179 362 924 954 
145 779 321 420 788 85 925 223 640 546 
667 650 277 38 89 543 467 578 450 639 
10 368 34 817 890 460 861 245 77 692 
449 578 464 923 749 513 361 731 308 610 
745 287 669 105 160 862 468 499 554 285 
72 404 765 572 274 230 298 116 693 469 
385 257 11 971 83 693 566 368 765 801 
580 805 612 365 651 755 139 501 232 772 
97 596 235 123 773 999 271 508 444 974 
853 314 555 835 197 506 793 811 693 615 
269 616 470 189 684 785 669 992 782 19 
458 659 918 701 229 614 492 686 307 440 
731 347 488 757 150 983 407 709 820 34 
402 853 861 529 894 438 59 162 87 530 
175 771 144 146 217 270 592 761 67 760 
771 546 599 641 109 24 828 445 359 995 
603 168 676 953 349 66 308 631 430 152 
191 120 73 32 668 4 869 707 507 614 
496 512 34 76 955 520 844 705 382 793 
715 34 102 898 438 375 829 752 378 237 
240 718 845 999 578 835 141 859 468 670 
428 322 921 561 552 78 170 407 593 354 
97 903 107 664 946 918 877 613 557 441 
163 232 221 568 763 284 678 600 20 961 
30 265 138 72 696 522 391 128 381 819 
156 390 7 537 821 500 647 796 353 975 
747 235 405 694 938 108 19 159 90 860 
311 450 755 507 949 680 439 954 864 407 
341 550 983 280 202 979 400 50 272 922 
149 600 485 667 53 830 460 324 956 943 
342 291 374 707 893 323 573 801 67 553 
976 728 678 652 476 279 906 898 351 387 
46 163 959 708 911 802 229 712 223 786 
394 150 630 121 881 203 600 695 149 866 
661 277 517 539 60 679 112 23 261 584 
676 619 70 919 323 862 378 43 224 637 
357 787 648 116 205 217 305 109 330 999 
973 759 955 938 845 558 124 31 241 13 
454 920 94 105 604 451 533 204 854 636 
673 418 429 538 3 977 768 396 393 305 
986 789 935 362 375 479 792 182 74 889 
958 376 165 303 724 777 303 167 453 236 
877 506 661 260 881 2 387 343 459 467 
265 975 608 773 608 806 957 89 808 817 
592 101 298 159 906 989 708 902 897 557 
271 958 341 140 927 493 773 506 193 57 
653 705 607 607 132 67 905 231 881 67 
210 217 786 527 339 61 449 373 735 72 
837 201 614 607 826 790 261 679 486 807 
303 337 205 537 341 19 745 141 489 125 
736 680 113 894 428 425 454 837 828 80 
39 779 871 794 348 225 703 81 894 629 
77 747 163 401 162 404 641 603 32 384 
855 526 282 13 256 786 474 639 940 436 
284 327 352 800 34 233 90 314 902 745 
687 197 669 719 264 298 824 72 275 854 
234 355 154 527 813 230 25 914 552 193 
791 180 744 396 345 9 225 279 278 579 
376 772 581 518 230 620 697 804 121 985 
926 959 389 379 453 405 294 490 180 452 
946 849 447 925 136 640 272 994 881 52 
272 615 407 854 270 322 964 245 602 213 
572 789 663 86 932 897 238 677 115 823 
399 926 125 505 705 353 864 554 338 554 
779 482 244 923 342 550 24 513 421 93 
594 114 209 165 717 906 329 172 973 818 
605 742 676 818 681 856 749 516 613 460 
386 118 118 985 371 506 684 197 373 231 
533 887 3 805 822 893 932 635 124 786 
764 135 660 419 995 255 790 861 894 40 
864 566 632 930 15 616 220 928 167 232 
886 127 975 373 850 684 702 923 80 587 
599 532 756 673 4 699 263 555 215 690 
632 318 775 434 170 267 650 697 450 327 
166 570 158 530 724 811 426 445 488 50 
970 420 897 95 709 311 782 104 973 189 
243 483 91 476 676 87 239 659 651 868 
661 510 516 805 966 561 341 625 593 28 
767 980 597 754 88 833 409 399 280 919 
711 175 347 66 247 363 319 261 708 645 
560 672 398 136 478 503 194 474 630 73 
53 145 293 455 691 568 254 597 703 799 
327 152 361 558 733 89 425 120 694 885 
273 867 235 489 309 825 742 775 453 464 
541 633 699 68 397 84 997 49 963 90 
832 625 871 784 100 325 935 257 397 707 
731 769 701 934 302 582 876 69 330 55 
881 925 262 428 53 106 440 105 132 55 
652 317 313 437 710 22 879 722 928 302 
216 109 832 336 300 325 153 120 512 314 
934 681 612 48 449 773 971 43 411 116 
778 825 551 225 795 208 283 183 286 522 
205 28 395 207 158 681 250 691 457 568 
52 643 908 576 715 450 152 14 774 889 
543 878 233 202 263 536 534 327 281 575 
818 659 50 402 236 418 502 501 995 498 
181 192 394 814 773 997 860 812 874 288 
825 543 884 238 735 307 822 452 120 978 
613 552 197 93 962 691 75 520 765 781 
395 571 940 297 921 979 332 405 738 925 
997 140 442 280 18 388 412 393 895 713 
111 772 406 224 201 621 358 654 457 126 
234 34 413 322 722 70 120 337 430 943 
609 992 461 451 941 73 769 813 24 819 
5 418 721 803 341 364 688 464 401 360 
457 760 216 848 901 132 536 146 878 82 
734 820 387 506 848 901 891 536 569 610 
206 704 0 650 513 829 151 292 440 954 
6 544 326 345 942 872 966 194 883 296 
765 797 904 828 332 854 532 454 623 886 
634 535 363 626 1 341 531 330 343 953 
779 931 155 873 222 529 668 833 195 37 
207 996 10 499 418 443 67 153 891 638 
60 893 700 422 550 128 846 31 983 247 
498 419 477 406 573 625 713 434 497 198 
912 523 741 411 31 410 906 908 609 837 
849 221 322 110 342 40 441 990 927 459 
935 110 44 713 571 926 20 293 648 463 
417 408 727 483 77 960 828 858 149 256 
954 973 485 171 903 206 394 18 904 335 
512 353 7 310 768 377 170 950 633 936 
815 270 652 782 204 888 199 719 39 79 
219 869 697 434 760 882 961 988 287 462 
819 202 258 832 671 912 26 184 840 543 
563 593 664 730 294 624 106 340 903 705 
26 859 602 260 176 639 886 839 722 442 
491 375 318 679 880 491 583 124 595 999 
394 1 757 723 563 971 999 283 495 611 
952 405 609 99 541 7 209 231 823 652 
193 764 477 638 717 908 873 788 713 696 
999 509 825 960 571 635 526 602 924 399 
322 8 51 187 425 44 254 127 627 953 
567 525 409 235 620 471 728 409 936 228 
721 560 929 116 450 956 870 69 506 192 
793 344 5 680 563 978 133 918 923 949 
221 376 17 30 914 598 985 330 374 916 
618 889 397 152 592 939 954 101 729 766 
440 826 546 56 972 48 601 259 635 141 
750 236 588 273 33 560 822 744 25 7 
669 698 501 384 651 636 32 425 972 569 
879 910 686 273 934 431 902 708 72 673 
4 643 131 134 206 672 454 724 113 527 
588 129 112 746 864 273 340 9 813 264 
744 417 423 360 614 843 527 569 868 95 
955 153 357 247 598 354 397 355 825 379 
916 793 26 836 201 434 951 184 398 141 
170 482 960 78 232 512 593 348 906 456 
688 723 568 857 684 983 461 96 437 785 
591 74 630 344 831 687 756 218 249 580 
632 221 207 276 514 288 688 977 972 461 
198 172 808 176 522 966 727 874 874 802 
842 255 658 455 823 294 493 44 960 965 
101 774 906 905 371 268 425 218 460 246 
617 368 649 788 910 70 365 969 978 244 
645 178 108 494 482 800 704 235 606 768 
192 679 222 840 414 895 465 14 537 570 
426 336 88 712 569 62 866 257 422 638 
352 205 556 53 608 344 68 385 584 309 
677 801 421 56 73 112 139 577 292 469 
965 427 419 390 118 638 299 160 825 647 
151 260 187 603 29 795 989 959 342 60 
35 365 173 515 774 345 543 904 851 320 
557 378 586 775 546 864 864 607 528 326 
922 457 268 739 973 452 856 112 732 7 
489 488 334 768 293 19 59 235 502 206 
384 817 415 648 531 970 723 813 335 120 
470 31 639 187 559 547 97 86 100 131 
25 662 552 211 367 753 605 713 51 579 
858 237 172 571 948 303 352 815 543 610 
218 781 329 47 396 853 821 332 188 88 
122 996 406 933 153 625 234 442 489 223 
932 711 137 82 151 499 417 715 352 130 
169 656 930 76 160 924 817 877 580 155 
308 274 99 296 946 679 566 511 182 80 
825 857 527 159 618 199 662 810 904 705 
380 202 279 957 887 804 72 144 545 682 
742 400 779 571 734 273 873 971 63 280 
69 486 918 431 584 595 237 668 980 91 
787 197 455 247 597 527 20 568 564 66 
457 730 995 717 868 128 763 422 736 950 
219 487 914 164 709 720 126 605 678 714 
165 852 448 786 712 295 636 101 347 311 
334 698 260 299 336 822 868 20 690 38 
583 553 899 25 147 533 842 430 630 214 
81 395 624 105 937 707 755 769 978 194 
940 25 635 636 910 198 372 462 660 507 
353 967 660 25 513 33 459 260 618 260 
152 424 379 368 24 524 980 384 24 433 
58 521 251 479 421 521 412 550 209 645 
518 636 594 196 672 475 987 318 47 379 
647 962 714 398 959 823 337 810 760 593 
382 482 637 845 920 849 807 565 730 478 
157 775 352 785 336 417 619 468 531 329 
244 140 400 639 810 528 144 87 512 884 
357 102 533 21 181 202 399 494 180 536 
253 410 362 3 259 340 472 38 875 991 
766 869 246 507 908 945 11 180 32 729 
147 653 88 413 777 126 837 479 361 568 
324 289 727 143 636 770 504 843 840 835 
651 378 644 99 392 292 642 491 846 765 
907 263 80 617 130 510 253 126 505 142 
851 740 813 738 264 812 786 169 236 348 
600 305 900 66 142 48 380 435 692 640 
677 11 524 338 367 227 401 895 104 588 
520 169 678 780 288 45 365 651 669 317 
943 834 482 728 862 850 51 479 361 404 
363 766 880 274 308 794 227 465 39 856 
163 37 37 549 178 672 557 892 722 833 
61 949 915 893 796 238 484 826 989 106 
527 603 497 478 177 14 526 115 773 706 
423 177 384 117 485 94 805 160 358 831 
514 56 324 751 308 788 823 639 925 363 
773 596 9 132 658 758 641 451 230 836 
115 357 246 894 155 815 206 799 506 939 
361 705 804 727 862 398 709 168 94 743 
72 390 410 26 503 93 994 580 733 479 
182 791 184 291 251 160 52 19 565 921 
168 708 660 7 674 206 472 996 418 370 
554 323 146 436 668 978 591 976 767 873 
523 38 907 796 944 688 930 981 270 769 
382 737 288 582 17 396 913 266 304 577 
332 37 788 199 835 292 849 882 541 52 
772 348 885 481 101 591 822 568 26 833 
819 563 802 607 642 555 135 179 14 133 
265 14 950 265 712 191 364 829 786 828 
513 793 976 699 44 666 63 304 960 813 
547 547 138 479 858 768 554 393 720 785 
354 584 133 249 913 65 448 446 175 745 
411 444 723 841 265 809 895 46 815 820 
140 619 399 19 284 354 52 594 54 254 
499 416 324 545 826 113 341 890 306 699 
924 253 34 775 933 106 673 558 922 290 
991 64 258 378 295 125 777 893 955 58 
821 733 506 362 491 622 277 366 885 351 
726 778 969 272 46 771 441 965 620 820 
370 56 606 823 975 129 165 215 721 923 
998 732 375 611 430 685 222 66 6 515 
360 480 84 770 203 174 655 515 890 120 
564 952 233 405 564 234 518 534 200 827 
941 822 903 413 8 282 177 148 455 981 
229 249 919 551 114 265 910 262 438 549 
249 33 304 402 291 233 416 901 549 195 
86 70 207 730 876 517 910 18 826 383 
633 765 224 39 863 478 969 490 3 22 
990 767 697 537 429 150 301 669 149 940 
943 246 387 813 83 198 229 732 783 204 
889 945 406 994 269 412 172 192 238 978 
978 766 667 980 787 702 679 133 342 467 
289 490 757 649 705 194 153 332 207 599 
544 979 827 105 802 324 554 978 219 878 
287 712 897 718 321 973 127 88 561 429 
146 113 57 857 380 558 943 350 953 582 
378 195 97 633 602 115 265 164 692 949 
152 326 698 543 805 994 185 951 486 156 
311 725 847 601 840 121 252 729 923 665 
767 978 511 864 24 550 690 399 670 452 
866 73 549 439 348 235 647 478 561 336 
70 178 127 174 710 346 142 738 814 402 
346 211 148 819 638 351 774 13 812 964 
403 363 551 350 70 613 330 197 706 131 
321 897 811 76 834 165 868 721 936 895 
452 160 266 514 322 766 618 695 944 819 
58 79 174 507 555 872 724 856 945 115 
827 363 931 32 488 720 605 63 853 940 
264 71 821 119 512 624 162 622 467 414 
52 199 290 166 372 134 576 117 475 693 
813 802 556 12 235 937 833 126 74 145 
37 334 944 845 606 818 366 258 414 633 
419 549 868 963 730 437 26 190 315 578 
679 67 177 183 956 333 162 799 586 943 
781 372 962 576 145 125 51 170 309 993 
18 453 193 686 625 706 514 298 86 534 
117 772 533 405 823 608 813 702 428 987 
97 915 226 900 700 126 585 315 185 766 
936 243 84 566 448 134 322 339 539 851 
383 147 148 690 895 891 24 860 859 396 
107 575 210 809 273 850 671 334 391 621 
331 818 648 831 793 718 519 905 966 367 
217 800 152 269 570 273 362 26 752 827 
212 327 896 991 182 166 470 748 718 618 
324 498 668 60 245 257 794 292 344 249 
661 707 429 664 578 783 19 880 862 112 
199 188 55 624 634 33 271 465 784 825 
40 110 618 365 797 995 75 234 726 281 
14 483 817 850 666 516 659 599 704 972 
554 82 811 455 612 858 380 840 526 58 
445 834 545 401 937 696 238 806 661 930 
621 81 461 36 99 962 268 969 46 160 
876 973 585 911 155 298 915 47 561 152 
524 798 495 72 562 221 60 139 455 376 
707 281 543 320 136 732 875 992 166 497 
751 446 241 888 519 768 704 211 951 515 
121 94 677 487 927 771 813 516 839 787 
168 343 54 87 322 680 525 447 938 508 
849 904 114 650 783 262 876 779 39 145 
743 725 390 249 58 779 527 388 622 949 
765 982 131 442 602 209 240 136 736 947 
567 771 766 713 657 261 36 810 562 741 
179 947 904 123 831 549 302 774 936 582 
962 155 215 822 359 66 820 998 490 641 
123 63 110 699 841 91 20 579 801 224 
461 457 831 461 382 871 300 341 660 359 
197 92 503 464 774 774 637 682 796 950 
821 81 214 714 158 107 675 714 606 739 
293 470 280 247 891 181 511 846 649 570 
350 489 594 135 14 855 206 566 628 142 
532 133 228 948 230 99 816 824 227 189 
431 492 810 143 724 945 904 234 952 454 
409 232 381 317 881 229 269 831 937 837 
309 21 346 725 421 362 449 56 573 263 
276 121 869 466 586 639 965 814 979 83 
63 649 266 943 233 527 571 855 572 752 
876 851 668 211 733 981 486 31 73 791 
258 240 877 637 251 567 452 127 795 790 
681 92 779 91 157 280 380 751 28 276 
30 637 496 213 332 421 138 938 925 870 
750 422 838 285 417 623 473 291 538 583 
811 282 241 179 446 135 899 134 952 19 
467 365 319 745 916 649 746 888 550 864 
445 210 39 392 389 419 618 751 534 477 
638 700 169 478 708 803 349 945 96 3 
183 374 729 35 937 502 954 371 927 680 
830 728 50 371 92 856 885 349 240 599 
831 522 431 763 352 777 923 956 971 637 
79 192 207 238 519 231 166 976 976 861 
210 635 4 911 636 690 813 727 312 484 
497 122 405 590 76 209 138 538 579 486 
373 93 260 139 923 860 589 458 368 746 
180 634 352 89 985 510 173 74 122 338 
990 163 444 732 151 683 141 420 804 524 
577 769 493 326 753 575 184 630 147 802 
288 735 218 66 436 392 145 641 172 624 
94 908 295 920 750 475 336 490 243 616 
885 213 369 771 891 718 899 772 172 852 
545 177 408 896 459 202 905 5 181 176 
473 520 767 649 384 489 78 92 417 15 
125 413 301 289 673 32 57 487 642 83 
212 696 330 329 775 336 826 243 971 573 
193 75 405 701 768 825 339 90 937 199 
212 614 359 448 680 954 262 734 120 815 
831 839 31 203 45 708 621 359 416 229 
901 508 320 917 504 531 555 264 396 146 
767 652 169 89 684 376 662 127 396 50 
449 911 740 920 978 322 444 486 963 943 
83 833 338 531 915 453 16 216 759 294 
7 351 520 673 394 796 505 927 627 231 
658 79 275 446 663 678 927 678 694 531 
622 224 488 370 723 1 826 832 522 32 
539 5 176 897 952 381 233 898 241 663 
288 438 191 833 199 634 648 813 842 74 
164 912 770 125 411 506 491 434 182 221 
395 586 175 413 475 553 528 294 29 950 
201 858 834 957 607 572 369 502 445 751 
129 964 680 458 471 606 905 763 556 447 
879 787 426 348 547 741 649 504 174 223 
416 312 11 95 938 429 874 392 283 488 
265 944 188 254 294 2 260 456 485 623 
373 473 429 96 389 185 484 700 346 907 
56 140 880 2 588 110 160 76 93 4 
417 77 486 99 777 986 465 652 796 257 
852 896 59 637 205 523 533 745 577 695 
70 13 247 526 169 719 41 612 809 873 
969 847 349 609 267 156 377 166 788 812 
859 785 367 8 693 112 974 223 621 473 
872 993 417 497 70 250 147 929 969 61 
434 536 194 77 56 745 361 711 45 204 
836 970 257 208 946 527 66 554 252 148 
450 497 418 976 568 611 508 754 313 555 
995 485 389 376 533 324 120 478 342 778 
109 899 391 505 170 835 403 269 309 723 
287 52 599 608 956 410 842 456 972 720 
17 653 512 617 140 550 838 120 821 81 
83 379 343 245 93 220 746 368 375 623 
558 676 733 419 759 9 788 576 795 759 
86 893 856 510 760 588 824 794 536 499 
71 432 551 537 322 310 657 444 474 891 
137 267 823 69 770 855 875 342 180 31 
831 27 23 361 731 487 806 947 324 440 
824 161 263 288 211 879 549 639 175 350 
862 387 873 203 787 296 754 760 488 248 
406 697 53 737 909 24 181 183 656 608 
491 332 668 180 779 885 656 997 344 549 
73 335 67 123 597 839 73 403 462 572 
589 129 59 580 624 130 895 387 920 941 
693 806 332 8 961 588 261 587 50 466 
136 176 238 270 862 971 263 480 176 324 
800 437 563 341 512 573 8 186 753 296 
554 434 150 580 730 375 653 391 343 310 
667 560 588 329 807 558 369 192 637 125 
998 839 724 302 102 593 843 652 101 258 
848 523 458 378 59 173 989 157 108 656 
979 981 695 50 674 141 181 612 939 226 
692 201 278 516 468 363 611 404 745 207 
524 136 433 831 519 990 807 651 528 109 
199 929 527 379 392 127 181 68 159 642 
924 833 359 219 704 894 869 508 269 459 
669 408 498 280 950 218 364 684 583 393 
455 956 169 399 217 831 880 561 554 738 
941 784 618 263 788 242 612 910 422 313 
243 357 672 296 804 294 44 947 527 571 
560 359 855 545 57 779 102 357 811 469 
226 111 913 642 993 38 871 711 29 362 
600 983 948 235 750 872 250 90 554 271 
814 137 266 862 241 11 220 937 275 644 
952 628 320 913 262 731 43 218 623 102 
